tests/data/out/emb295_003-01_ctd_0003.cnv
* Sea-Bird SBE 9 Data File:
* FileName = D:\CTD_Data\EMB295_003-01_CTD_0003.hex
* Software Version Seasave V 7.26.7.121
* Temperature SN = 5261
* Conductivity SN = 4811
* Number of Bytes Per Scan = 48
* Number of Voltage Words = 5
* Number of Scans Averaged by the Deck Unit = 1
* NMEA Latitude = 57 18.99 N
* NMEA Longitude = 020 07.96 E
* NMEA UTC (Time) = Jul 04 2022  07:51:48
* NMEA baud rate = 9600
** Cruise = EMB295
** Station = EMB295_3-1
** Platform = CTD
** Cast = 0003
** Operator = Jan Donath
** GPS_Time = 04.07.2022 07:51:16
** GPS_Lat = 57 18.992 N
** GPS_Lon = 20  7.964 E
** Echo_Depth =  248.0 m
** Air_Pressure = 1014.5 hPa
** WsStartID =    76
** Pos_Alias = Gotland
# nquan = 12
# nvalues = 18592                                 
# units = specified
# name 0 = latitude: Latitude [deg]
# name 1 = longitude: Longitude [deg]
# name 2 = prDM: Pressure, Digiquartz [db]
# name 3 = t190C: Temperature, 2 [ITS-90, deg C]
# name 4 = c1mS/cm: Conductivity, 2 [mS/cm]
# name 5 = sbox1Mm/Kg: Oxygen, SBE 43, 2 [umol/kg]
# name 6 = flECO-AFL: Fluorescence, WET Labs ECO-AFL/FL [mg/m^3]
# name 7 = turbWETntu0: Turbidity, WET Labs ECO [NTU]
# name 8 = par: PAR/Irradiance, Biospherical/Licor
# name 9 = spar: SPAR, Biospherical/Licor
# name 10 = timeS: Time, Elapsed [seconds]
# name 11 = flag:  0.000e+00
# span 0 =   57.31650,   57.31658                 
# span 1 =   20.13258,   20.13274                 
# span 2 =      1.944,    238.021                 
# span 3 =     3.9872,    19.9320                 
# span 4 =   8.039995,  14.303167                 
# span 5 =      0.687,    353.488                 
# span 6 =     0.2307,     4.6336                 
# span 7 =    -0.0079,     3.3572                 
# span 8 = 3.7612e-02, 2.2659e+01                 
# span 9 = 1.7107e+03, 2.3090e+03                 
# span 10 =      0.000,    774.625                
# span 11 = 0.0000e+00, 0.0000e+00                
# interval = seconds: 0.0416667
# start_time = Jul 04 2022 07:51:48 [NMEA time, first data scan]
# bad_flag = -9.990e-29
*END*
[from data line 5294]
   57.31652   20.13270     68.651     4.2490   8.431998    267.818     0.3259     0.1337 3.7972e-02 2.2698e+03    220.583  0.000e+00
   57.31652   20.13270     68.707     4.2492   8.432185    267.475     0.2966     0.1264 3.7612e-02 2.2698e+03    220.625  0.000e+00
   57.31652   20.13270     68.707     4.2493   8.432260    267.398     0.2893     0.1411 3.7612e-02 2.2698e+03    220.667  0.000e+00
   57.31652   20.13270     68.755     4.2496   8.432447    267.068     0.2893     0.1508 3.7972e-02 2.2698e+03    220.708  0.000e+00
   57.31652   20.13270     68.755     4.2501   8.433084    267.002     0.2893     0.1533 3.7612e-02 2.2698e+03    220.750  0.000e+00
   57.31652   20.13270     68.755     4.2506   8.433645    266.685     0.2673     0.1459 3.7972e-02 2.2698e+03    220.792  0.000e+00
   57.31652   20.13270     68.755     4.2513   8.434281    266.601     0.2966     0.1459 3.7612e-02 2.2698e+03    220.833  0.000e+00
   57.31652   20.13270     68.804     4.2522   8.435254    266.541     0.3259     0.1484 3.7972e-02 2.2698e+03    220.875  0.000e+00
   57.31652   20.13270     68.755     4.2527   8.436452    266.230     0.3259     0.1459 3.7972e-02 2.2698e+03    220.917  0.000e+00
   57.31652   20.13270     68.859     4.2536   8.437463    266.156     0.2966     0.1337 3.7972e-02 2.2698e+03    220.958  0.000e+00
   57.31652   20.13270     68.804     4.2542   8.438324    265.827     0.3113     0.1313 3.7612e-02 2.2698e+03    221.000  0.000e+00
   57.31652   20.13270     68.859     4.2545   8.438773    265.774     0.3259     0.1313 3.7612e-02 2.2698e+03    221.042  0.000e+00
   57.31652   20.13270     68.804     4.2548   8.439072    265.745     0.3259     0.1313 3.7972e-02 2.2698e+03    221.083  0.000e+00
   57.31652   20.13270     68.908     4.2557   8.439297    265.467     0.2966     0.1215 3.7972e-02 2.2698e+03    221.125  0.000e+00
   57.31652   20.13270     68.859     4.2566   8.439821    265.178     0.3039     0.1386 3.7972e-02 2.2698e+03    221.167  0.000e+00
   57.31652   20.13270     68.908     4.2574   8.441019    265.128     0.3259     0.1508 3.7972e-02 2.2698e+03    221.208  0.000e+00
   57.31652   20.13270     68.908     4.2582   8.442404    265.105     0.3186     0.1533 3.7972e-02 2.2698e+03    221.250  0.000e+00
   57.31652   20.13270     68.956     4.2596   8.444500    265.071     0.2966     0.1386 3.7972e-02 2.2698e+03    221.292  0.000e+00
   57.31652   20.13270     68.956     4.2612   8.446335    264.784     0.3039     0.1386 3.7972e-02 2.2698e+03    221.333  0.000e+00
   57.31652   20.13270     68.908     4.2622   8.447308    264.772     0.3186     0.1411 3.7972e-02 2.2717e+03    221.375  0.000e+00
   57.31652   20.13270     69.012     4.2628   8.447870    264.486     0.3259     0.1435 3.7612e-02 2.2717e+03    221.417  0.000e+00
   57.31652   20.13270     68.956     4.2642   8.448768    264.459     0.2893     0.1337 3.7972e-02 2.2717e+03    221.458  0.000e+00
   57.31652   20.13270     68.963     4.2658   8.449592    264.184     0.3186     0.1337 3.7972e-02 2.2717e+03    221.500  0.000e+00
   57.31652   20.13270     69.012     4.2669   8.450266    264.152     0.3406     0.1337 3.7972e-02 2.2717e+03    221.542  0.000e+00
   57.31652   20.13270     69.012     4.2680   8.450978    264.146     0.3479     0.1362 3.7612e-02 2.2717e+03    221.583  0.000e+00
   57.31652   20.13270     69.109     4.2694   8.452887    264.166     0.3186     0.1313 3.7612e-02 2.2717e+03    221.625  0.000e+00
   57.31652   20.13270     69.012     4.2721   8.455621    263.921     0.3186     0.1386 3.7972e-02 2.2717e+03    221.667  0.000e+00
   57.31652   20.13270     69.060     4.2738   8.457681    263.927     0.3259     0.1459 3.7972e-02 2.2717e+03    221.708  0.000e+00
   57.31652   20.13270     69.109     4.2753   8.459066    263.686     0.3333     0.1459 3.7972e-02 2.2717e+03    221.750  0.000e+00
   57.31652   20.13270     69.060     4.2779   8.460490    263.673     0.2966     0.1362 3.7972e-02 2.2717e+03    221.792  0.000e+00
   57.31652   20.13270     69.109     4.2806   8.462662    263.412     0.3186     0.1484 3.7972e-02 2.2717e+03    221.833  0.000e+00
   57.31652   20.13270     69.109     4.2845   8.465509    263.377     0.3406     0.1606 3.7612e-02 2.2717e+03    221.875  0.000e+00
   57.31652   20.13270     69.109     4.2887   8.468505    263.367     0.3479     0.1606 3.7972e-02 2.2717e+03    221.917  0.000e+00
   57.31652   20.13270     69.109     4.2921   8.471053    263.115     0.3186     0.1508 3.7612e-02 2.2717e+03    221.958  0.000e+00
   57.31652   20.13270     69.157     4.2950   8.473114    263.107     0.3113     0.1459 3.7612e-02 2.2717e+03    222.000  0.000e+00
   57.31652   20.13270     69.213     4.2977   8.475661    262.851     0.3186     0.1484 3.7972e-02 2.2717e+03    222.042  0.000e+00
   57.31652   20.13270     69.157     4.3009   8.478959    262.824     0.3186     0.1484 3.7972e-02 2.2717e+03    222.083  0.000e+00
   57.31652   20.13270     69.213     4.3034   8.481807    262.834     0.2966     0.1386 3.7972e-02 2.2717e+03    222.125  0.000e+00
   57.31652   20.13270     69.261     4.3055   8.483718    262.876     0.2966     0.1435 3.7972e-02 2.2717e+03    222.167  0.000e+00
   57.31652   20.13270     69.213     4.3075   8.484992    262.633     0.3113     0.1484 3.7612e-02 2.2717e+03    222.208  0.000e+00
   57.31652   20.13270     69.213     4.3091   8.485967    262.356     0.3113     0.1508 3.7972e-02 2.2717e+03    222.250  0.000e+00
   57.31652   20.13270     69.261     4.3103   8.486641    262.354     0.2893     0.1411 3.7972e-02 2.2717e+03    222.292  0.000e+00
   57.31652   20.13270     69.261     4.3113   8.487391    262.103     0.2966     0.1459 3.7972e-02 2.2717e+03    222.333  0.000e+00
   57.31652   20.13270     69.213     4.3121   8.488366    262.123     0.3186     0.1557 3.7972e-02 2.2717e+03    222.375  0.000e+00
   57.31652   20.13270     69.310     4.3131   8.489378    262.141     0.3333     0.1582 3.7612e-02 2.2717e+03    222.417  0.000e+00
   57.31652   20.13270     69.310     4.3147   8.491064    261.903     0.3039     0.1484 3.7972e-02 2.2717e+03    222.458  0.000e+00
   57.31652   20.13270     69.310     4.3161   8.492976    261.937     0.3113     0.1411 3.7612e-02 2.2717e+03    222.500  0.000e+00
   57.31652   20.13270     69.365     4.3177   8.494813    261.655     0.3333     0.1411 3.7612e-02 2.2717e+03    222.542  0.000e+00
   57.31652   20.13270     69.365     4.3197   8.497775    261.362     0.3406     0.1411 3.7612e-02 2.2717e+03    222.583  0.000e+00
   57.31652   20.13270     69.365     4.3220   8.501637    261.336     0.3113     0.1362 3.7612e-02 2.2717e+03    222.625  0.000e+00
   57.31652   20.13270     69.365     4.3241   8.504749    261.307     0.3186     0.1484 3.7972e-02 2.2717e+03    222.667  0.000e+00
   57.31652   20.13270     69.365     4.3265   8.506699    261.031     0.3406     0.1582 3.7612e-02 2.2717e+03    222.708  0.000e+00
   57.31652   20.13270     69.414     4.3291   8.509474    260.990     0.3479     0.1606 3.7972e-02 2.2717e+03    222.750  0.000e+00
   57.31652   20.13270     69.365     4.3326   8.513337    260.965     0.3259     0.1508 3.7612e-02 2.2717e+03    222.792  0.000e+00
   57.31652   20.13270     69.462     4.3355   8.517314    260.667     0.3186     0.1435 3.7612e-02 2.2717e+03    222.833  0.000e+00
   57.31652   20.13270     69.414     4.3389   8.521102    260.631     0.3333     0.1435 3.7972e-02 2.2698e+03    222.875  0.000e+00
   57.31652   20.13270     69.462     4.3426   8.525117    260.348     0.3406     0.1435 3.7972e-02 2.2698e+03    222.917  0.000e+00
   57.31652   20.13270     69.462     4.3464   8.529619    260.023     0.3186     0.1362 3.7972e-02 2.2698e+03    222.958  0.000e+00
   57.31652   20.13270     69.462     4.3498   8.533447    259.974     0.3113     0.1459 3.7612e-02 2.2698e+03    223.000  0.000e+00
   57.31652   20.13270     69.462     4.3535   8.537050    259.917     0.3186     0.1582 3.7612e-02 2.2698e+03    223.042  0.000e+00
   57.31652   20.13270     69.518     4.3571   8.541104    259.889     0.3259     0.1630 3.7972e-02 2.2698e+03    223.083  0.000e+00
   57.31652   20.13270     69.518     4.3612   8.545909    259.608     0.3039     0.1533 3.7612e-02 2.2698e+03    223.125  0.000e+00
   57.31652   20.13270     69.518     4.3655   8.551277    259.560     0.3113     0.1508 3.7972e-02 2.2698e+03    223.167  0.000e+00
   57.31652   20.13270     69.566     4.3699   8.556610    259.507     0.3406     0.1533 3.7612e-02 2.2698e+03    223.208  0.000e+00
   57.31652   20.13270     69.566     4.3738   8.561454    259.207     0.3479     0.1533 3.7972e-02 2.2698e+03    223.250  0.000e+00
   57.31652   20.13270     69.566     4.3780   8.566788    259.174     0.3259     0.1484 3.7972e-02 2.2698e+03    223.292  0.000e+00
   57.31652   20.13270     69.615     4.3817   8.572610    258.898     0.3186     0.1557 3.7972e-02 2.2698e+03    223.333  0.000e+00
   57.31652   20.13270     69.566     4.3854   8.578622    258.854     0.3186     0.1679 3.7972e-02 2.2698e+03    223.375  0.000e+00
   57.31652   20.13270     69.615     4.3890   8.583732    258.569     0.3259     0.1728 3.7612e-02 2.2698e+03    223.417  0.000e+00
   57.31652   20.13270     69.615     4.3923   8.589031    258.520     0.3039     0.1630 3.7612e-02 2.2698e+03    223.458  0.000e+00
   57.31652   20.13270     69.566     4.3955   8.594181    258.224     0.3113     0.1704 3.7972e-02 2.2698e+03    223.500  0.000e+00
   57.31652   20.13270     69.670     4.3984   8.599181    258.171     0.3406     0.1850 3.7972e-02 2.2698e+03    223.542  0.000e+00
   57.31652   20.13270     69.670     4.4014   8.604407    257.866     0.3552     0.1875 3.7612e-02 2.2698e+03    223.583  0.000e+00
   57.31652   20.13270     69.615     4.4044   8.608919    257.557     0.3333     0.1826 3.7612e-02 2.2698e+03    223.625  0.000e+00
   57.31652   20.13270     69.719     4.4072   8.612943    257.801     0.3186     0.1655 3.7972e-02 2.2698e+03    223.667  0.000e+00
   57.31652   20.13270     69.719     4.4097   8.616930    257.523     0.3186     0.1557 3.7972e-02 2.2698e+03    223.708  0.000e+00
   57.31652   20.13270     69.719     4.4124   8.621106    257.239     0.3259     0.1557 3.7972e-02 2.2698e+03    223.750  0.000e+00
   57.31652   20.13270     69.719     4.4150   8.625093    257.194     0.3113     0.1508 3.7612e-02 2.2698e+03    223.792  0.000e+00
   57.31652   20.13270     69.719     4.4169   8.628668    257.182     0.3186     0.1435 3.7612e-02 2.2698e+03    223.833  0.000e+00
   57.31652   20.13270     69.719     4.4192   8.632280    256.889     0.3479     0.1435 3.7972e-02 2.2698e+03    223.875  0.000e+00
   57.31652   20.13270     69.767     4.4212   8.635290    256.870     0.3552     0.1435 3.7972e-02 2.2698e+03    223.917  0.000e+00
   57.31652   20.13270     69.767     4.4232   8.638038    256.604     0.3406     0.1362 3.7972e-02 2.2717e+03    223.958  0.000e+00
   57.31652   20.13270     69.816     4.4251   8.640898    256.304     0.3113     0.1435 3.7612e-02 2.2717e+03    224.000  0.000e+00
   57.31652   20.13270     69.767     4.4270   8.643796    256.272     0.2966     0.1582 3.7612e-02 2.2717e+03    224.042  0.000e+00
   57.31652   20.13270     69.767     4.4289   8.646695    255.963     0.2966     0.1630 3.7612e-02 2.2717e+03    224.083  0.000e+00
   57.31652   20.13270     69.871     4.4311   8.649594    255.927     0.2893     0.1582 3.7972e-02 2.2717e+03    224.125  0.000e+00
   57.31652   20.13270     69.816     4.4330   8.652831    255.917     0.2746     0.1508 3.7612e-02 2.2717e+03    224.167  0.000e+00
   57.31652   20.13270     69.871     4.4354   8.656107    255.664     0.2966     0.1484 3.7612e-02 2.2717e+03    224.208  0.000e+00
   57.31652   20.13270     69.871     4.4371   8.659534    255.378     0.3039     0.1484 3.7972e-02 2.2717e+03    224.250  0.000e+00
   57.31652   20.13270     69.871     4.4395   8.662998    255.325     0.2893     0.1435 3.7972e-02 2.2717e+03    224.292  0.000e+00
   57.31652   20.13270     69.920     4.4417   8.666124    255.032     0.2820     0.1386 3.7972e-02 2.2717e+03    224.333  0.000e+00
   57.31652   20.13270     69.871     4.4441   8.669514    254.699     0.2893     0.1411 3.7972e-02 2.2717e+03    224.375  0.000e+00
   57.31652   20.13270     69.878     4.4462   8.672716    254.368     0.2966     0.1435 3.7612e-02 2.2717e+03    224.417  0.000e+00
   57.31652   20.13270     69.968     4.4484   8.676107    254.313     0.2820     0.1362 3.7972e-02 2.2717e+03    224.458  0.000e+00
   57.31652   20.13270     69.968     4.4506   8.679686    254.254     0.2746     0.1337 3.7972e-02 2.2717e+03    224.500  0.000e+00
   57.31652   20.13270     69.968     4.4527   8.683303    253.678     0.2820     0.1459 3.7972e-02 2.2717e+03    224.542  0.000e+00
   57.31652   20.13270     69.968     4.4552   8.686694    253.583     0.2893     0.1533 3.7612e-02 2.2717e+03    224.583  0.000e+00
   57.31652   20.13270     69.968     4.4573   8.689898    253.216     0.2746     0.1533 3.7612e-02 2.2717e+03    224.625  0.000e+00
   57.31652   20.13270     70.024     4.4596   8.693328    253.122     0.2673     0.1533 3.7972e-02 2.2717e+03    224.667  0.000e+00
   57.31652   20.13270     69.968     4.4618   8.696946    252.784     0.2893     0.1557 3.7972e-02 2.2717e+03    224.708  0.000e+00
   57.31652   20.13270     70.024     4.4640   8.700264    252.418     0.2893     0.1557 3.7972e-02 2.2717e+03    224.750  0.000e+00
   57.31652   20.13270     70.024     4.4663   8.703355    252.051     0.2820     0.1533 3.7612e-02 2.2717e+03    224.792  0.000e+00
   57.31652   20.13270     70.072     4.4684   8.706070    251.690     0.2820     0.1459 3.7612e-02 2.2717e+03    224.833  0.000e+00
   57.31652   20.13270     70.072     4.4706   8.709011    251.571     0.3039     0.1386 3.7972e-02 2.2717e+03    224.875  0.000e+00
   57.31652   20.13270     70.024     4.4730   8.711537    251.212     0.3113     0.1386 3.7972e-02 2.2717e+03    224.917  0.000e+00
   57.31652   20.13270     70.121     4.4750   8.713951    250.829     0.3039     0.1362 3.7612e-02 2.2717e+03    224.958  0.000e+00
   57.31652   20.13270     70.121     4.4771   8.716741    250.686     0.2966     0.1386 3.7612e-02 2.2717e+03    225.000  0.000e+00
   57.31652   20.13270     70.121     4.4791   8.719306    250.306     0.3186     0.1557 3.7972e-02 2.2717e+03    225.042  0.000e+00
   57.31652   20.13270     70.121     4.4809   8.722437    249.931     0.3259     0.1655 3.7972e-02 2.2717e+03    225.083  0.000e+00
   57.31652   20.13270     70.176     4.4830   8.725379    249.561     0.3186     0.1679 3.7972e-02 2.2717e+03    225.125  0.000e+00
   57.31652   20.13270     70.176     4.4852   8.727907    249.162     0.3039     0.1606 3.7972e-02 2.2717e+03    225.167  0.000e+00
   57.31652   20.13270     70.176     4.4871   8.730359    248.772     0.3039     0.1557 3.7972e-02 2.2717e+03    225.208  0.000e+00
   57.31652   20.13270     70.121     4.4888   8.732623    248.391     0.3039     0.1557 3.7972e-02 2.2717e+03    225.250  0.000e+00
   57.31652   20.13270     70.225     4.4905   8.734661    247.990     0.2966     0.1508 3.7972e-02 2.2717e+03    225.292  0.000e+00
   57.31652   20.13270     70.176     4.4923   8.736887    247.593     0.2820     0.1459 3.7972e-02 2.2717e+03    225.333  0.000e+00
   57.31652   20.13270     70.121     4.4937   8.738925    247.176     0.2893     0.1484 3.7972e-02 2.2717e+03    225.375  0.000e+00
   57.31652   20.13270     70.322     4.4950   8.740887    247.052     0.2893     0.1484 3.7972e-02 2.2717e+03    225.417  0.000e+00
   57.31652   20.13270     70.273     4.4955   8.742699    246.661     0.2820     0.1484 3.7972e-02 2.2717e+03    225.458  0.000e+00
   57.31652   20.13270     70.273     4.4963   8.744963    246.007     0.2746     0.1435 3.7972e-02 2.2717e+03    225.500  0.000e+00
