tests/data/out/EMB295_003-01_CTD_0003.ros
* Sea-Bird SBE 9 Data File:
* FileName = D:\CTD_Data\EMB295_003-01_CTD_0003.hex
* Software Version Seasave V 7.26.7.121
* Temperature SN = 5261
* Conductivity SN = 4811
* Number of Bytes Per Scan = 48
* Number of Voltage Words = 5
* Number of Scans Averaged by the Deck Unit = 1
* NMEA Latitude = 57 18.99 N
* NMEA Longitude = 020 07.96 E
* NMEA UTC (Time) = Jul 04 2022  07:51:48
* NMEA baud rate = 9600
** Cruise = EMB295
** Station = EMB295_3-1
** Platform = CTD
** Cast = 0003
** Operator = Jan Donath
** GPS_Time = 04.07.2022 07:51:16
** GPS_Lat = 57 18.992 N
** GPS_Lon = 20  7.964 E
** Echo_Depth =  248.0 m
** Air_Pressure = 1014.5 hPa
** WsStartID =    76
** Pos_Alias = Gotland
# nquan = 14
# nvalues = 196
# units = specified
# name 0 = latitude: Latitude [deg]
# name 1 = longitude: Longitude [deg]
# name 2 = prDM: Pressure, Digiquartz [db]
# name 3 = t190C: Temperature, 2 [ITS-90, deg C]
# name 4 = c1mS/cm: Conductivity, 2 [mS/cm]
# name 5 = sbox1Mm/Kg: Oxygen, SBE 43, 2 [umol/kg]
# name 6 = flECO-AFL: Fluorescence, WET Labs ECO-AFL/FL [mg/m^3]
# name 7 = turbWETntu0: Turbidity, WET Labs ECO [NTU]
# name 8 = par: PAR/Irradiance, Biospherical/Licor
# name 9 = spar: SPAR, Biospherical/Licor
# name 10 = timeS: Time, Elapsed [seconds]
# name 11 = scan: Scan Count
# name 12 = nbf: Bottles Fired
# name 13 = flag:  0.000e+00
# interval = seconds: 0.0416667
# start_time = Jul 04 2022 07:51:48 [NMEA time, first data scan]
# bad_flag = -9.990e-29
*END*
   57.31658   20.13274      3.212    19.9253  11.392674    311.627     1.6519     1.8700 1.2374e+01 2.2698e+03     14.750        355          1  0.000e+00
   57.31658   20.13274      3.302    19.9259  11.393118    311.635     1.6519     1.8920 1.2339e+01 2.2698e+03     14.792        356          1  0.000e+00
   57.31658   20.13274      3.164    19.9260  11.393077    311.639     1.5860     1.7259 1.2269e+01 2.2698e+03     14.833        357          1  0.000e+00
   57.31658   20.13274      3.364    19.9259  11.392755    311.647     1.5713     0.9372 1.2200e+01 2.2698e+03     14.875        358          1  0.000e+00
   57.31658   20.13274      3.405    19.9256  11.392674    311.651     1.5713     0.5709 1.2165e+01 2.2698e+03     14.917        359          1  0.000e+00
   57.31658   20.13274      3.260    19.9244  11.392311    311.654     1.5713     0.5367 1.2063e+01 2.2698e+03     14.958        360          1  0.000e+00
   57.31658   20.13274      3.406    19.9225  11.392230    311.673     1.5127     0.5416 1.1994e+01 2.2698e+03     15.000        361          1  0.000e+00
   57.31658   20.13274      3.316    19.9221  11.391746    311.676     1.5347     0.5220 1.1927e+01 2.2698e+03     15.042        362          1  0.000e+00
   57.31658   20.13274      3.406    19.9219  11.391746    311.684     1.5640     0.5147 1.1859e+01 2.2698e+03     15.083        363          1  0.000e+00
   57.31658   20.13274      3.364    19.9205  11.391545    311.696     1.5713     0.5098 1.1726e+01 2.2698e+03     15.125        364          1  0.000e+00
   57.31658   20.13274      3.461    19.9212  11.391706    311.702     1.5054     0.4976 1.1659e+01 2.2698e+03     15.167        365          1  0.000e+00
   57.31658   20.13274      3.357    19.9221  11.391908    311.699     1.5567     0.6417 1.1594e+01 2.2698e+03     15.208        366          1  0.000e+00
   57.31658   20.13274      3.461    19.9214  11.391827    311.715     1.5933     0.7271 1.1495e+01 2.2698e+03     15.250        367          1  0.000e+00
   57.31658   20.13274      3.406    19.9228  11.391908    311.713     1.6007     0.7394 1.1430e+01 2.2698e+03     15.292        368          1  0.000e+00
   57.31658   20.13274      3.461    19.9247  11.392271    311.891     1.5420     0.7345 1.1334e+01 2.2698e+03     15.333        369          1  0.000e+00
   57.31658   20.13274      3.454    19.9251  11.392593    311.731     1.6080     1.9042 1.1238e+01 2.2698e+03     15.375        370          1  0.000e+00
   57.31658   20.13274      3.516    19.9247  11.392190    311.925     1.6812     2.6783 1.1143e+01 2.2698e+03     15.417        371          1  0.000e+00
   57.31658   20.13274      3.509    19.9247  11.391060    311.759     1.7032     2.8077 1.1080e+01 2.2698e+03     15.458        372          1  0.000e+00
   57.31658   20.13274      3.461    19.9247  11.390617    311.759     1.6373     2.7369 1.0986e+01 2.2698e+03     15.500        373          1  0.000e+00
   57.31658   20.13274      3.565    19.9244  11.391585    311.953     1.5713     1.5037 1.0955e+01 2.2698e+03     15.542        374          1  0.000e+00
   57.31658   20.13274      3.509    19.9242  11.392190    311.786     1.5494     0.6221 1.0893e+01 2.2698e+03     15.583        375          1  0.000e+00
   57.31658   20.13274      3.516    19.9242  11.392553    311.965     1.5494     0.4756 1.0862e+01 2.2698e+03     15.625        376          1  0.000e+00
   57.31658   20.13274      3.558    19.9240  11.392432    311.981     1.4981     0.5122 1.0831e+01 2.2698e+03     15.667        377          1  0.000e+00
   57.31658   20.13274      3.613    19.9238  11.392271    311.997     1.5127     0.5611 1.0831e+01 2.2698e+03     15.708        378          1  0.000e+00
   57.31658   20.13274      3.558    19.9238  11.392352    312.007     1.5494     0.5831 1.0800e+01 2.2698e+03     15.750        379          1  0.000e+00
   57.31658   20.13274      3.613    19.9237  11.392271    312.023     1.5640     0.5855 1.0770e+01 2.2698e+03     15.792        380          1  0.000e+00
   57.31658   20.13274      3.613    19.9230  11.392231    312.040     1.5127     0.5684 1.0770e+01 2.2698e+03     15.833        381          1  0.000e+00
   57.31658   20.13274      3.606    19.9207  11.391666    312.067     1.7252     1.4036 1.0709e+01 2.2698e+03     15.875        382          1  0.000e+00
   57.31658   20.13274      3.613    19.9202  11.391383    312.261     1.9743     2.2094 1.0679e+01 2.2698e+03     15.917        383          1  0.000e+00
   57.31658   20.13274      3.655    19.9200  11.391343    312.287     2.0402     2.3877 1.0648e+01 2.2698e+03     15.958        384          1  0.000e+00
   57.31658   20.13274      3.669    19.9211  11.391666    312.304     1.9889     2.3364 1.0588e+01 2.2698e+03     16.000        385          1  0.000e+00
   57.31658   20.13274      3.655    19.9230  11.392311    312.135     1.7985     1.4915 1.0528e+01 2.2698e+03     16.042        386          1  0.000e+00
   57.31658   20.13274      3.669    19.9242  11.392392    312.318     1.6226     0.6124 1.0469e+01 2.2698e+03     16.083        387          1  0.000e+00
   57.31658   20.13274      3.710    19.9246  11.392473    312.339     1.5860     0.4170 1.0469e+01 2.2698e+03     16.125        388          1  0.000e+00
   57.31658   20.13274      3.669    19.9251  11.392392    312.356     1.5494     0.4414 1.0439e+01 2.2698e+03     16.167        389          1  0.000e+00
   57.31658   20.13274      3.717    19.9253  11.392715    312.377     1.5420     0.5122 1.0439e+01 2.2698e+03     16.208        390          1  0.000e+00
   57.31658   20.13274      3.710    19.9251  11.392715    312.399     1.5640     0.5782 1.0410e+01 2.2698e+03     16.250        391          1  0.000e+00
   57.31658   20.13274      3.765    19.9245  11.392473    312.413     1.5787     0.5928 1.0380e+01 2.2698e+03     16.292        392          1  0.000e+00
   57.31658   20.13274      3.759    19.9240  11.392473    312.423     1.5494     0.5806 1.0351e+01 2.2698e+03     16.333        393          1  0.000e+00
   57.31658   20.13274      3.766    19.9245  11.392634    312.427     1.5494     0.5855 1.0321e+01 2.2698e+03     16.375        394          1  0.000e+00
   57.31658   20.13274      3.759    19.9244  11.392432    312.434     1.6080     0.6148 1.0263e+01 2.2698e+03     16.417        395          1  0.000e+00
   57.31658   20.13274      3.766    19.9230  11.392271    312.637     1.6373     0.6270 1.0234e+01 2.2698e+03     16.458        396          1  0.000e+00
   57.31658   20.13274      3.759    19.9230  11.392231    312.474     1.6080     0.6173 1.0176e+01 2.2698e+03     16.500        397          1  0.000e+00
   57.31658   20.13274      3.821    19.9235  11.392231    312.654     1.5713     0.6099 1.0147e+01 2.2698e+03     16.542        398          1  0.000e+00
   57.31658   20.13274      3.821    19.9238  11.392554    312.487     1.5713     0.6221 1.0090e+01 2.2698e+03     16.583        399          1  0.000e+00
   57.31658   20.13274      3.862    19.9230  11.392110    312.495     1.5787     0.6295 1.0033e+01 2.2698e+03     16.625        400          1  0.000e+00
   57.31658   20.13274      3.869    19.9186  11.391182    312.700     1.5567     0.6197 9.9478e+00 2.2698e+03     16.667        401          1  0.000e+00
   57.31658   20.13274      3.862    19.9171  11.390577    312.542     1.6812     1.2986 9.8915e+00 2.2698e+03     16.708        402          1  0.000e+00
   57.31658   20.13274      3.821    19.9170  11.390577    312.549     2.0622     2.8419 9.8355e+00 2.2698e+03     16.750        403          1  0.000e+00
   57.31658   20.13272     18.287    10.0136   9.260132    319.825     3.0365     0.2925 3.5022e-01 2.2698e+03     61.958       1488          2  0.000e+00
   57.31658   20.13272     18.266    10.0117   9.259558    319.618     3.0439     0.2949 3.4899e-01 2.2698e+03     62.000       1489          2  0.000e+00
   57.31658   20.13272     18.169    10.0094   9.259175    319.209     3.0072     0.2851 3.4899e-01 2.2698e+03     62.042       1490          2  0.000e+00
   57.31658   20.13272     18.370    10.0074   9.258602    319.233     2.9926     0.2803 3.4652e-01 2.2717e+03     62.083       1491          2  0.000e+00
   57.31658   20.13272     18.321    10.0054   9.258028    319.504     2.9926     0.2851 3.4530e-01 2.2717e+03     62.125       1492          2  0.000e+00
   57.31658   20.13272     18.439    10.0035   9.257416    320.059     3.0072     0.2876 3.4408e-01 2.2717e+03     62.167       1493          2  0.000e+00
   57.31658   20.13272     18.370    10.0015   9.256918    319.756     2.9779     0.2754 3.4408e-01 2.2717e+03     62.208       1494          2  0.000e+00
   57.31658   20.13272     18.370     9.9992   9.256345    319.438     2.9486     0.2680 3.4286e-01 2.2717e+03     62.250       1495          2  0.000e+00
   57.31658   20.13272     18.418     9.9969   9.255580    318.876     2.9413     0.2803 3.4043e-01 2.2717e+03     62.292       1496          2  0.000e+00
   57.31658   20.13272     18.335     9.9946   9.254891    318.500     2.9486     0.2851 3.4043e-01 2.2717e+03     62.333       1497          2  0.000e+00
   57.31658   20.13272     18.418     9.9925   9.254394    318.112     2.9267     0.2754 3.3922e-01 2.2717e+03     62.375       1498          2  0.000e+00
   57.31658   20.13272     18.370     9.9905   9.253820    317.683     2.8974     0.2803 3.3801e-01 2.2717e+03     62.417       1499          2  0.000e+00
   57.31658   20.13272     18.522     9.9884   9.253437    317.499     2.8974     0.3022 3.3681e-01 2.2717e+03     62.458       1500          2  0.000e+00
   57.31658   20.13272     18.474     9.9862   9.252902    317.317     2.9047     0.3047 3.3561e-01 2.2717e+03     62.500       1501          2  0.000e+00
   57.31658   20.13272     18.439     9.9836   9.252022    317.124     2.8900     0.2998 3.3442e-01 2.2717e+03     62.542       1502          2  0.000e+00
   57.31658   20.13272     18.474     9.9809   9.251295    316.940     2.8534     0.2900 3.3322e-01 2.2717e+03     62.583       1503          2  0.000e+00
   57.31658   20.13272     18.522     9.9788   9.250722    316.509     2.8534     0.2900 3.3322e-01 2.2717e+03     62.625       1504          2  0.000e+00
   57.31658   20.13272     18.474     9.9764   9.250110    316.291     2.8534     0.2876 3.3204e-01 2.2698e+03     62.667       1505          2  0.000e+00
   57.31658   20.13272     18.474     9.9739   9.249421    316.082     2.8461     0.2851 3.3085e-01 2.2698e+03     62.708       1506          2  0.000e+00
   57.31658   20.13272     18.543     9.9709   9.248656    315.658     2.8021     0.2729 3.3085e-01 2.2698e+03     62.750       1507          2  0.000e+00
   57.31658   20.13272     18.522     9.9681   9.247968    315.651     2.7948     0.2778 3.2967e-01 2.2698e+03     62.792       1508          2  0.000e+00
   57.31658   20.13272     18.571     9.9646   9.247088    315.474     2.7948     0.2851 3.2849e-01 2.2698e+03     62.833       1509          2  0.000e+00
   57.31658   20.13272     18.571     9.9611   9.246361    315.072     2.7875     0.2851 3.2731e-01 2.2698e+03     62.875       1510          2  0.000e+00
   57.31658   20.13272     18.591     9.9576   9.245291    315.094     2.7508     0.2778 3.2731e-01 2.2698e+03     62.917       1511          2  0.000e+00
   57.31658   20.13272     18.571     9.9542   9.244181    314.912     2.7508     0.2925 3.2614e-01 2.2698e+03     62.958       1512          2  0.000e+00
   57.31658   20.13272     18.571     9.9504   9.243455    314.740     2.7508     0.2998 3.2614e-01 2.2698e+03     63.000       1513          2  0.000e+00
   57.31658   20.13272     18.619     9.9470   9.242575    314.343     2.7435     0.2998 3.2497e-01 2.2698e+03     63.042       1514          2  0.000e+00
   57.31658   20.13272     18.619     9.9432   9.241734    314.163     2.6996     0.2851 3.2497e-01 2.2698e+03     63.083       1515          2  0.000e+00
   57.31658   20.13272     18.591     9.9396   9.240740    313.988     2.6996     0.2900 3.2381e-01 2.2698e+03     63.125       1516          2  0.000e+00
   57.31658   20.13272     18.723     9.9354   9.239784    313.806     2.6996     0.2949 3.2381e-01 2.2698e+03     63.167       1517          2  0.000e+00
   57.31658   20.13272     18.674     9.9318   9.238943    313.621     2.6922     0.2974 3.2264e-01 2.2698e+03     63.208       1518          2  0.000e+00
   57.31658   20.13272     18.723     9.9276   9.237949    313.450     2.6409     0.2827 3.2264e-01 2.2698e+03     63.250       1519          2  0.000e+00
   57.31658   20.13272     18.674     9.9238   9.236878    313.256     2.6409     0.2851 3.2148e-01 2.2698e+03     63.292       1520          2  0.000e+00
   57.31658   20.13272     18.744     9.9200   9.236151    313.071     2.6483     0.2876 3.2148e-01 2.2698e+03     63.333       1521          2  0.000e+00
   57.31658   20.13272     18.674     9.9166   9.235272    313.115     2.6483     0.2900 3.2033e-01 2.2678e+03     63.375       1522          2  0.000e+00
   57.31658   20.13272     18.723     9.9131   9.234546    312.729     2.5970     0.2729 3.2033e-01 2.2698e+03     63.417       1523          2  0.000e+00
   57.31658   20.13272     18.675     9.9094   9.233551    312.555     2.6116     0.2656 3.2033e-01 2.2678e+03     63.458       1524          2  0.000e+00
   57.31658   20.13272     18.827     9.9053   9.232825    312.397     2.6263     0.2680 3.1918e-01 2.2678e+03     63.500       1525          2  0.000e+00
   57.31658   20.13272     18.841     9.9016   9.231946    312.235     2.6263     0.2705 3.1918e-01 2.2678e+03     63.542       1526          2  0.000e+00
   57.31658   20.13272     18.827     9.8977   9.230990    312.058     2.5750     0.2510 3.1918e-01 2.2678e+03     63.583       1527          2  0.000e+00
   57.31658   20.13272     18.771     9.8938   9.230073    311.883     2.6043     0.2729 3.1803e-01 2.2678e+03     63.625       1528          2  0.000e+00
   57.31658   20.13272     18.771     9.8902   9.229346    311.712     2.6263     0.2900 3.1688e-01 2.2678e+03     63.667       1529          2  0.000e+00
   57.31658   20.13272     18.827     9.8868   9.228467    311.547     2.6336     0.2949 3.1688e-01 2.2678e+03     63.708       1530          2  0.000e+00
   57.31658   20.13272     18.841     9.8833   9.227779    311.385     2.5750     0.2754 3.1574e-01 2.2678e+03     63.750       1531          2  0.000e+00
   57.31658   20.13272     18.827     9.8800   9.226900    311.203     2.5384     0.2876 3.1574e-01 2.2678e+03     63.792       1532          2  0.000e+00
   57.31658   20.13272     18.924     9.8769   9.226174    311.050     2.5384     0.2998 3.1460e-01 2.2678e+03     63.833       1533          2  0.000e+00
   57.31658   20.13272     18.924     9.8735   9.225294    310.647     2.5311     0.2998 3.1460e-01 2.2678e+03     63.875       1534          2  0.000e+00
   57.31658   20.13272     18.875     9.8704   9.224568    310.683     2.4871     0.2778 3.1460e-01 2.2678e+03     63.917       1535          2  0.000e+00
   57.31658   20.13272     18.896     9.8672   9.223918    310.517     2.5237     0.2900 3.1346e-01 2.2678e+03     63.958       1536          2  0.000e+00
   57.31652   20.13270     72.305     4.9243   9.398488    191.596     0.3186     0.1386 3.8333e-02 2.2717e+03    231.750       5563          3  0.000e+00
   57.31652   20.13270     72.305     4.9289   9.404171    190.920     0.3259     0.1362 3.7972e-02 2.2717e+03    231.792       5564          3  0.000e+00
   57.31652   20.13270     72.250     4.9337   9.410048    190.235     0.3186     0.1337 3.7972e-02 2.2717e+03    231.833       5565          3  0.000e+00
   57.31652   20.13270     72.250     4.9383   9.415926    189.514     0.3039     0.1337 3.8333e-02 2.2717e+03    231.875       5566          3  0.000e+00
   57.31652   20.13270     72.658     4.9426   9.422919    188.797     0.3039     0.1435 3.8333e-02 2.2717e+03    231.917       5567          3  0.000e+00
