tests/data/out/emb295_003-01_ctd_0003.cnv
* Sea-Bird SBE 9 Data File:
* FileName = D:\CTD_Data\EMB295_003-01_CTD_0003.hex
* Software Version Seasave V 7.26.7.121
* Temperature SN = 5261
* Conductivity SN = 4811
* Number of Bytes Per Scan = 48
* Number of Voltage Words = 5
* Number of Scans Averaged by the Deck Unit = 1
* NMEA Latitude = 57 18.99 N
* NMEA Longitude = 020 07.96 E
* NMEA UTC (Time) = Jul 04 2022  07:51:48
* NMEA baud rate = 9600
** Cruise = EMB295
** Station = EMB295_3-1
** Platform = CTD
** Cast = 0003
** Operator = Jan Donath
** GPS_Time = 04.07.2022 07:51:16
** GPS_Lat = 57 18.992 N
** GPS_Lon = 20  7.964 E
** Echo_Depth =  248.0 m
** Air_Pressure = 1014.5 hPa
** WsStartID =    76
** Pos_Alias = Gotland
# nquan = 12
# nvalues = 18592                                 
# units = specified
# name 0 = latitude: Latitude [deg]
# name 1 = longitude: Longitude [deg]
# name 2 = prDM: Pressure, Digiquartz [db]
# name 3 = t190C: Temperature, 2 [ITS-90, deg C]
# name 4 = c1mS/cm: Conductivity, 2 [mS/cm]
# name 5 = sbox1Mm/Kg: Oxygen, SBE 43, 2 [umol/kg]
# name 6 = flECO-AFL: Fluorescence, WET Labs ECO-AFL/FL [mg/m^3]
# name 7 = turbWETntu0: Turbidity, WET Labs ECO [NTU]
# name 8 = par: PAR/Irradiance, Biospherical/Licor
# name 9 = spar: SPAR, Biospherical/Licor
# name 10 = timeS: Time, Elapsed [seconds]
# name 11 = flag:  0.000e+00
# span 0 =   57.31650,   57.31658                 
# span 1 =   20.13258,   20.13274                 
# span 2 =      1.944,    238.021                 
# span 3 =     3.9872,    19.9320                 
# span 4 =   8.039995,  14.303167                 
# span 5 =      0.687,    353.488                 
# span 6 =     0.2307,     4.6336                 
# span 7 =    -0.0079,     3.3572                 
# span 8 = 3.7612e-02, 2.2659e+01                 
# span 9 = 1.7107e+03, 2.3090e+03                 
# span 10 =      0.000,    774.625                
# span 11 = 0.0000e+00, 0.0000e+00                
# interval = seconds: 0.0416667
# start_time = Jul 04 2022 07:51:48 [NMEA time, first data scan]
# bad_flag = -9.990e-29
*END*
[from data line 7579]
   57.31650   20.13266     99.226     6.8879  12.390191      2.943     0.3186     0.0654 3.8695e-02 2.2816e+03    315.792  0.000e+00
   57.31650   20.13266     99.198     6.8883  12.390975      2.943     0.3259     0.0629 3.8695e-02 2.2816e+03    315.833  0.000e+00
   57.31650   20.13266     99.254     6.8889  12.391677      2.942     0.3039     0.0556 3.8695e-02 2.2816e+03    315.875  0.000e+00
   57.31650   20.13266     99.150     6.8890  12.392420      2.942     0.3259     0.0507 3.8695e-02 2.2816e+03    315.917  0.000e+00
   57.31650   20.13266     99.281     6.8894  12.393080      2.694     0.3479     0.0458 3.8695e-02 2.2816e+03    315.958  0.000e+00
   57.31650   20.13266     99.254     6.8900  12.393782      2.916     0.3552     0.0458 3.8695e-02 2.2816e+03    316.000  0.000e+00
   57.31650   20.13266     99.254     6.8904  12.394691      2.917     0.3333     0.0434 3.8695e-02 2.2816e+03    316.042  0.000e+00
   57.31650   20.13266     99.330     6.8909  12.395269      2.919     0.3333     0.0605 3.8695e-02 2.2816e+03    316.083  0.000e+00
   57.31650   20.13266     99.302     6.8913  12.395888      2.920     0.3333     0.0629 3.8695e-02 2.2816e+03    316.125  0.000e+00
   57.31650   20.13266     99.351     6.8918  12.396714      2.921     0.3333     0.0654 3.8695e-02 2.2816e+03    316.167  0.000e+00
   57.31650   20.13266     99.330     6.8924  12.397416      2.922     0.3113     0.0580 3.8695e-02 2.2816e+03    316.208  0.000e+00
   57.31650   20.13266     99.351     6.8926  12.398035      2.923     0.3406     0.0751 3.8695e-02 2.2816e+03    316.250  0.000e+00
   57.31650   20.13266     99.302     6.8932  12.398654      2.924     0.3552     0.0849 3.8695e-02 2.2816e+03    316.292  0.000e+00
   57.31650   20.13266     99.379     6.8934  12.399356      2.925     0.3552     0.0849 3.8695e-02 2.2816e+03    316.333  0.000e+00
   57.31650   20.13266     99.406     6.8940  12.399934      2.926     0.3333     0.0776 3.8695e-02 2.2816e+03    316.375  0.000e+00
   57.31650   20.13266     99.351     6.8944  12.400843      2.927     0.3259     0.0776 3.8695e-02 2.2816e+03    316.417  0.000e+00
   57.31650   20.13266     99.379     6.8947  12.401710      2.928     0.3333     0.0800 3.8695e-02 2.2816e+03    316.458  0.000e+00
   57.31650   20.13266     99.455     6.8953  12.402247      2.930     0.3333     0.0776 3.8695e-02 2.2816e+03    316.500  0.000e+00
   57.31650   20.13266     99.406     6.8958  12.403031      2.931     0.3039     0.0702 3.8695e-02 2.2816e+03    316.542  0.000e+00
   57.31650   20.13266     99.455     6.8962  12.403981      2.932     0.3113     0.0776 3.8695e-02 2.2816e+03    316.583  0.000e+00
   57.31650   20.13266     99.483     6.8966  12.404683      2.933     0.3259     0.0825 3.8695e-02 2.2816e+03    316.625  0.000e+00
   57.31650   20.13266     99.504     6.8969  12.405426      2.934     0.3259     0.0873 3.8695e-02 2.2816e+03    316.667  0.000e+00
   57.31650   20.13266     99.455     6.8975  12.406294      2.935     0.3039     0.0776 3.8695e-02 2.2816e+03    316.708  0.000e+00
   57.31650   20.13266     99.531     6.8981  12.406996      2.936     0.3259     0.0702 3.8695e-02 2.2816e+03    316.750  0.000e+00
   57.31650   20.13266     99.504     6.8985  12.407491      2.937     0.3479     0.0702 3.8695e-02 2.2816e+03    316.792  0.000e+00
   57.31650   20.13266     99.559     6.8990  12.408070      2.938     0.3479     0.0727 3.8695e-02 2.2816e+03    316.833  0.000e+00
   57.31650   20.13266     99.531     6.8995  12.408813      2.939     0.3259     0.0629 3.8695e-02 2.2816e+03    316.875  0.000e+00
   57.31650   20.13266     99.608     6.8998  12.409722      2.940     0.3406     0.0605 3.8695e-02 2.2816e+03    316.917  0.000e+00
   57.31650   20.13266     99.504     6.9002  12.410424      2.941     0.3552     0.0654 3.8695e-02 2.2816e+03    316.958  0.000e+00
   57.31650   20.13266     99.587     6.9006  12.411167      2.943     0.3552     0.0678 3.8695e-02 2.2816e+03    317.000  0.000e+00
   57.31650   20.13266     99.608     6.9011  12.411911      2.944     0.3333     0.0580 3.8695e-02 2.2816e+03    317.042  0.000e+00
   57.31650   20.13266     99.559     6.9013  12.412695      2.696     0.3259     0.0654 3.8695e-02 2.2816e+03    317.083  0.000e+00
   57.31650   20.13266     99.684     6.9018  12.413232      2.672     0.3259     0.0702 3.9058e-02 2.2816e+03    317.125  0.000e+00
   57.31650   20.13266     99.559     6.9022  12.414100      2.896     0.3259     0.0751 3.8695e-02 2.2816e+03    317.167  0.000e+00
   57.31650   20.13266     99.656     6.9024  12.414637      2.900     0.3039     0.0702 3.8695e-02 2.2816e+03    317.208  0.000e+00
   57.31650   20.13266     99.656     6.9032  12.415339      2.903     0.3186     0.0507 3.8695e-02 2.2816e+03    317.250  0.000e+00
   57.31650   20.13266     99.684     6.9034  12.416000      2.906     0.3333     0.0434 3.8695e-02 2.2816e+03    317.292  0.000e+00
   57.31650   20.13266     99.712     6.9037  12.416495      2.661     0.3406     0.0458 3.8695e-02 2.2816e+03    317.333  0.000e+00
   57.31650   20.13266     99.712     6.9042  12.417074      2.887     0.3113     0.0361 3.8695e-02 2.2816e+03    317.375  0.000e+00
   57.31650   20.13266     99.684     6.9047  12.417693      2.892     0.3113     0.0409 3.8695e-02 2.2816e+03    317.417  0.000e+00
   57.31650   20.13266     99.760     6.9048  12.418106      2.896     0.3186     0.0532 3.8695e-02 2.2816e+03    317.458  0.000e+00
   57.31650   20.13266     99.712     6.9053  12.418519      2.900     0.3259     0.0580 3.8695e-02 2.2816e+03    317.500  0.000e+00
   57.31650   20.13266     99.788     6.9053  12.419098      2.657     0.3039     0.0483 3.8695e-02 2.2816e+03    317.542  0.000e+00
   57.31650   20.13266     99.760     6.9056  12.419718      2.884     0.3259     0.0434 3.8695e-02 2.2816e+03    317.583  0.000e+00
   57.31650   20.13266     99.760     6.9060  12.420089      2.889     0.3479     0.0483 3.8695e-02 2.2816e+03    317.625  0.000e+00
   57.31650   20.13266     99.809     6.9063  12.420544      2.895     0.3552     0.0483 3.8695e-02 2.2816e+03    317.667  0.000e+00
   57.31650   20.13266     99.788     6.9066  12.421205      2.900     0.3333     0.0385 3.8695e-02 2.2816e+03    317.708  0.000e+00
   57.31650   20.13266     99.809     6.9069  12.421783      2.906     0.3186     0.0434 3.8695e-02 2.2816e+03    317.750  0.000e+00
   57.31650   20.13266     99.858     6.9071  12.422444      2.912     0.3259     0.0483 3.8695e-02 2.2816e+03    317.792  0.000e+00
   57.31650   20.13266     99.837     6.9074  12.423229      2.917     0.3259     0.0483 3.8695e-02 2.2816e+03    317.833  0.000e+00
   57.31650   20.13266     99.809     6.9078  12.423559      2.923     0.3039     0.0409 3.8695e-02 2.2816e+03    317.875  0.000e+00
   57.31650   20.13266     99.913     6.9079  12.423931      2.928     0.3186     0.0483 3.8695e-02 2.2816e+03    317.917  0.000e+00
   57.31650   20.13266     99.892     6.9082  12.424510      2.934     0.3333     0.0580 3.8695e-02 2.2816e+03    317.958  0.000e+00
   57.31650   20.13266     99.913     6.9082  12.424923      2.912     0.3406     0.0605 3.8695e-02 2.2816e+03    318.000  0.000e+00
   57.31650   20.13266     99.913     6.9087  12.425336      2.668     0.3186     0.0507 3.8695e-02 2.2816e+03    318.042  0.000e+00
   57.31650   20.13266     99.913     6.9089  12.425915      2.895     0.3186     0.0507 3.8695e-02 2.2816e+03    318.083  0.000e+00
   57.31650   20.13266     99.941     6.9090  12.426328      2.900     0.3259     0.0556 3.8695e-02 2.2816e+03    318.125  0.000e+00
   57.31650   20.13266     99.962     6.9091  12.426741      2.906     0.3259     0.0556 3.8695e-02 2.2816e+03    318.167  0.000e+00
   57.31650   20.13266     99.913     6.9094  12.427443      2.663     0.3039     0.0458 3.8695e-02 2.2816e+03    318.208  0.000e+00
   57.31650   20.13266     99.989     6.9096  12.427980      2.891     0.3113     0.0483 3.8695e-02 2.2816e+03    318.250  0.000e+00
   57.31650   20.13266    100.010     6.9098  12.428228      2.898     0.3259     0.0483 3.8695e-02 2.2816e+03    318.292  0.000e+00
   57.31650   20.13266     99.962     6.9101  12.428600      2.905     0.3333     0.0507 3.9058e-02 2.2816e+03    318.333  0.000e+00
   57.31650   20.13266    100.038     6.9103  12.429179      2.911     0.3186     0.0532 3.8695e-02 2.2816e+03    318.375  0.000e+00
   57.31650   20.13266    100.010     6.9103  12.429675      2.918     0.2966     0.0532 3.8333e-02 2.2816e+03    318.417  0.000e+00
   57.31650   20.13266    100.066     6.9109  12.430253      2.925     0.2966     0.0556 3.8695e-02 2.2816e+03    318.458  0.000e+00
   57.31650   20.13266    100.066     6.9106  12.430873      2.932     0.3039     0.0556 3.8695e-02 2.2816e+03    318.500  0.000e+00
   57.31650   20.13266    100.094     6.9108  12.431410      2.938     0.2893     0.0507 3.8695e-02 2.2816e+03    318.542  0.000e+00
   57.31650   20.13266    100.066     6.9113  12.431617      2.945     0.3039     0.0556 3.8695e-02 2.2816e+03    318.583  0.000e+00
   57.31650   20.13266    100.114     6.9114  12.432236      2.952     0.3333     0.0654 3.8333e-02 2.2816e+03    318.625  0.000e+00
   57.31650   20.13266    100.094     6.9116  12.432691      2.959     0.3479     0.0678 3.8695e-02 2.2816e+03    318.667  0.000e+00
   57.31650   20.13266    100.163     6.9118  12.433311      2.965     0.3259     0.0556 3.8695e-02 2.2816e+03    318.708  0.000e+00
   57.31650   20.13266    100.114     6.9120  12.433765      2.972     0.3186     0.0532 3.8695e-02 2.2816e+03    318.750  0.000e+00
   57.31650   20.13266    100.142     6.9124  12.434055      2.979     0.3333     0.0605 3.8695e-02 2.2816e+03    318.792  0.000e+00
   57.31650   20.13266    100.163     6.9124  12.434385      2.986     0.3406     0.0629 3.8695e-02 2.2816e+03    318.833  0.000e+00
   57.31650   20.13266    100.163     6.9124  12.434799      2.992     0.3259     0.0532 3.8695e-02 2.2816e+03    318.875  0.000e+00
   57.31650   20.13266    100.218     6.9130  12.435170      2.999     0.3113     0.0507 3.8695e-02 2.2816e+03    318.917  0.000e+00
   57.31650   20.13266    100.191     6.9130  12.435584      3.006     0.3186     0.0532 3.8695e-02 2.2816e+03    318.958  0.000e+00
   57.31650   20.13266    100.219     6.9134  12.436038      3.013     0.3259     0.0556 3.8695e-02 2.2816e+03    319.000  0.000e+00
   57.31650   20.13266    100.267     6.9138  12.436410      3.019     0.3113     0.0483 3.8695e-02 2.2816e+03    319.042  0.000e+00
   57.31650   20.13266    100.191     6.9139  12.436699      3.026     0.3186     0.0458 3.8695e-02 2.2816e+03    319.083  0.000e+00
   57.31650   20.13266    100.267     6.9142  12.437361      3.005     0.3406     0.0507 3.8695e-02 2.2816e+03    319.125  0.000e+00
   57.31650   20.13266    100.267     6.9143  12.437691      2.982     0.3552     0.0483 3.8695e-02 2.2816e+03    319.167  0.000e+00
   57.31650   20.13266    100.267     6.9148  12.438063      2.987     0.3406     0.0434 3.8695e-02 2.2816e+03    319.208  0.000e+00
   57.31650   20.13266    100.343     6.9148  12.438642      2.991     0.3259     0.0507 3.8695e-02 2.2816e+03    319.250  0.000e+00
   57.31650   20.13266    100.267     6.9153  12.438931      2.996     0.3186     0.0629 3.8695e-02 2.2816e+03    319.292  0.000e+00
   57.31650   20.13266    100.316     6.9157  12.439551      3.000     0.3186     0.0654 3.9058e-02 2.2816e+03    319.333  0.000e+00
   57.31650   20.13266    100.343     6.9158  12.439758      2.728     0.3039     0.0556 3.8695e-02 2.2816e+03    319.375  0.000e+00
   57.31650   20.13266    100.371     6.9163  12.440212      2.705     0.3039     0.0532 3.8695e-02 2.2816e+03    319.417  0.000e+00
   57.31650   20.13266    100.316     6.9167  12.440915      2.932     0.3186     0.0580 3.8695e-02 2.2816e+03    319.458  0.000e+00
   57.31650   20.13266    100.371     6.9171  12.441370      2.938     0.3186     0.0605 3.8695e-02 2.2816e+03    319.500  0.000e+00
   57.31650   20.13266    100.447     6.9174  12.442031      2.944     0.3113     0.0556 3.8695e-02 2.2816e+03    319.542  0.000e+00
   57.31650   20.13266    100.371     6.9178  12.442692      2.921     0.3186     0.0580 3.8695e-02 2.2796e+03    319.583  0.000e+00
   57.31650   20.13266    100.468     6.9182  12.443519      2.925     0.3406     0.0678 3.8695e-02 2.2816e+03    319.625  0.000e+00
   57.31650   20.13266    100.448     6.9187  12.444056      2.930     0.3479     0.0702 3.8695e-02 2.2816e+03    319.667  0.000e+00
   57.31650   20.13266    100.420     6.9194  12.444676      2.934     0.3406     0.0654 3.8695e-02 2.2816e+03    319.708  0.000e+00
   57.31650   20.13266    100.517     6.9197  12.445214      2.691     0.3259     0.0605 3.8695e-02 2.2816e+03    319.750  0.000e+00
   57.31650   20.13266    100.420     6.9203  12.445792      2.917     0.3333     0.0654 3.8695e-02 2.2816e+03    319.792  0.000e+00
   57.31650   20.13266    100.496     6.9211  12.446288      2.675     0.3333     0.0654 3.8695e-02 2.2816e+03    319.833  0.000e+00
   57.31650   20.13266    100.517     6.9215  12.446991      2.654     0.3259     0.0580 3.8695e-02 2.2816e+03    319.875  0.000e+00
   57.31650   20.13266    100.469     6.9219  12.447528      2.884     0.3259     0.0483 3.8695e-02 2.2816e+03    319.917  0.000e+00
   57.31650   20.13266    100.496     6.9227  12.448479      2.891     0.3552     0.0434 3.8695e-02 2.2816e+03    319.958  0.000e+00
   57.31650   20.13266    100.517     6.9232  12.449223      2.651     0.3626     0.0385 3.8695e-02 2.2816e+03    320.000  0.000e+00
   57.31650   20.13266    100.572     6.9239  12.449926      2.633     0.3479     0.0336 3.8695e-02 2.2816e+03    320.042  0.000e+00
   57.31650   20.13266    100.517     6.9243  12.450711      2.588     0.3333     0.0336 3.8695e-02 2.2816e+03    320.083  0.000e+00
   57.31650   20.13266    100.600     6.9252  12.451290      2.571     0.3333     0.0409 3.8695e-02 2.2816e+03    320.125  0.000e+00
   57.31650   20.13266    100.621     6.9260  12.452199      2.803     0.3333     0.0458 3.8695e-02 2.2816e+03    320.167  0.000e+00
   57.31650   20.13266    100.621     6.9264  12.452820      2.566     0.3186     0.0409 3.8695e-02 2.2816e+03    320.208  0.000e+00
   57.31650   20.13266    100.600     6.9273  12.453398      2.523     0.3186     0.0458 3.8695e-02 2.2816e+03    320.250  0.000e+00
   57.31650   20.13266    100.670     6.9279  12.454142      2.509     0.3479     0.0702 3.8695e-02 2.2816e+03    320.292  0.000e+00
   57.31650   20.13266    100.621     6.9284  12.454804      2.495     0.3552     0.0800 3.8695e-02 2.2816e+03    320.333  0.000e+00
   57.31650   20.13266    100.670     6.9292  12.455631      2.483     0.3479     0.0751 3.8695e-02 2.2816e+03    320.375  0.000e+00
   57.31650   20.13266    100.704     6.9297  12.456251      2.720     0.3259     0.0678 3.8695e-02 2.2816e+03    320.417  0.000e+00
   57.31650   20.13266    100.670     6.9305  12.457160      2.735     0.3333     0.0702 3.8333e-02 2.2816e+03    320.458  0.000e+00
   57.31650   20.13266    100.670     6.9311  12.458029      2.751     0.3333     0.0727 3.8695e-02 2.2816e+03    320.500  0.000e+00
   57.31650   20.13266    100.704     6.9316  12.458442      2.767     0.3259     0.0678 3.8695e-02 2.2816e+03    320.542  0.000e+00
   57.31650   20.13266    100.725     6.9322  12.459104      2.534     0.3113     0.0629 3.8695e-02 2.2816e+03    320.583  0.000e+00
   57.31650   20.13266    100.774     6.9327  12.459765      2.524     0.3186     0.0702 3.8695e-02 2.2816e+03    320.625  0.000e+00
   57.31650   20.13266    100.725     6.9334  12.460385      2.515     0.3259     0.0702 3.8695e-02 2.2816e+03    320.667  0.000e+00
   57.31650   20.13266    100.801     6.9338  12.461130      2.755     0.3186     0.0654 3.8695e-02 2.2816e+03    320.708  0.000e+00
   57.31650   20.13266    100.725     6.9343  12.461791      2.775     0.3113     0.0580 3.8695e-02 2.2816e+03    320.750  0.000e+00
