tests/data/out/emb295_003-01_ctd_0003.cnv
* Sea-Bird SBE 9 Data File:
* FileName = D:\CTD_Data\EMB295_003-01_CTD_0003.hex
* Software Version Seasave V 7.26.7.121
* Temperature SN = 5261
* Conductivity SN = 4811
* Number of Bytes Per Scan = 48
* Number of Voltage Words = 5
* Number of Scans Averaged by the Deck Unit = 1
* NMEA Latitude = 57 18.99 N
* NMEA Longitude = 020 07.96 E
* NMEA UTC (Time) = Jul 04 2022  07:51:48
* NMEA baud rate = 9600
** Cruise = EMB295
** Station = EMB295_3-1
** Platform = CTD
** Cast = 0003
** Operator = Jan Donath
** GPS_Time = 04.07.2022 07:51:16
** GPS_Lat = 57 18.992 N
** GPS_Lon = 20  7.964 E
** Echo_Depth =  248.0 m
** Air_Pressure = 1014.5 hPa
** WsStartID =    76
** Pos_Alias = Gotland
# nquan = 12
# nvalues = 18592                                 
# units = specified
# name 0 = latitude: Latitude [deg]
# name 1 = longitude: Longitude [deg]
# name 2 = prDM: Pressure, Digiquartz [db]
# name 3 = t190C: Temperature, 2 [ITS-90, deg C]
# name 4 = c1mS/cm: Conductivity, 2 [mS/cm]
# name 5 = sbox1Mm/Kg: Oxygen, SBE 43, 2 [umol/kg]
# name 6 = flECO-AFL: Fluorescence, WET Labs ECO-AFL/FL [mg/m^3]
# name 7 = turbWETntu0: Turbidity, WET Labs ECO [NTU]
# name 8 = par: PAR/Irradiance, Biospherical/Licor
# name 9 = spar: SPAR, Biospherical/Licor
# name 10 = timeS: Time, Elapsed [seconds]
# name 11 = flag:  0.000e+00
# span 0 =   57.31650,   57.31658                 
# span 1 =   20.13258,   20.13274                 
# span 2 =      1.944,    238.021                 
# span 3 =     3.9872,    19.9320                 
# span 4 =   8.039995,  14.303167                 
# span 5 =      0.687,    353.488                 
# span 6 =     0.2307,     4.6336                 
# span 7 =    -0.0079,     3.3572                 
# span 8 = 3.7612e-02, 2.2659e+01                 
# span 9 = 1.7107e+03, 2.3090e+03                 
# span 10 =      0.000,    774.625                
# span 11 = 0.0000e+00, 0.0000e+00                
# interval = seconds: 0.0416667
# start_time = Jul 04 2022 07:51:48 [NMEA time, first data scan]
# bad_flag = -9.990e-29
*END*
[from data line 3970]
   57.31656   20.13268     51.234     4.3063   8.064906    305.331     0.4212     0.1899 4.1627e-02 2.2717e+03    165.417  0.000e+00
   57.31656   20.13268     51.131     4.3055   8.064683    305.337     0.3919     0.1777 4.1627e-02 2.2717e+03    165.458  0.000e+00
   57.31656   20.13268     51.227     4.3047   8.064424    305.350     0.3845     0.1704 4.1627e-02 2.2717e+03    165.500  0.000e+00
   57.31656   20.13268     51.234     4.3039   8.064498    305.360     0.3919     0.1655 4.1627e-02 2.2717e+03    165.542  0.000e+00
   57.31656   20.13268     51.227     4.3031   8.064313    305.094     0.3992     0.1655 4.1627e-02 2.2717e+03    165.583  0.000e+00
   57.31656   20.13268     51.234     4.3023   8.064165    305.072     0.3699     0.1533 4.1627e-02 2.2717e+03    165.625  0.000e+00
   57.31656   20.13268     51.276     4.3016   8.064017    305.052     0.3919     0.1679 4.1627e-02 2.2717e+03    165.667  0.000e+00
   57.31656   20.13268     51.179     4.3006   8.063794    305.031     0.4285     0.1923 4.1627e-02 2.2717e+03    165.708  0.000e+00
   57.31656   20.13268     51.324     4.3001   8.063758    305.016     0.4431     0.2070 4.1627e-02 2.2717e+03    165.750  0.000e+00
   57.31656   20.13268     51.235     4.2995   8.063757    304.994     0.4138     0.1972 4.1627e-02 2.2717e+03    165.792  0.000e+00
   57.31656   20.13268     51.283     4.2985   8.063387    304.947     0.4285     0.2021 4.1627e-02 2.2717e+03    165.833  0.000e+00
   57.31656   20.13268     51.325     4.2981   8.063350    304.930     0.4724     0.2119 4.1627e-02 2.2698e+03    165.875  0.000e+00
   57.31656   20.13268     51.332     4.2972   8.063387    304.883     0.4871     0.2216 4.1627e-02 2.2698e+03    165.917  0.000e+00
   57.31656   20.13268     51.380     4.2966   8.063017    304.870     0.4651     0.2143 4.1257e-02 2.2698e+03    165.958  0.000e+00
   57.31656   20.13268     51.332     4.2956   8.062980    304.857     0.4212     0.1923 4.1257e-02 2.2717e+03    166.000  0.000e+00
   57.31656   20.13268     51.380     4.2951   8.062683    304.845     0.4138     0.1679 4.1627e-02 2.2698e+03    166.042  0.000e+00
   57.31656   20.13268     51.387     4.2945   8.062720    304.834     0.4065     0.1557 4.1627e-02 2.2698e+03    166.083  0.000e+00
   57.31656   20.13268     51.380     4.2936   8.062572    304.826     0.3845     0.1411 4.1627e-02 2.2698e+03    166.125  0.000e+00
   57.31656   20.13268     51.387     4.2929   8.062535    304.819     0.3845     0.1362 4.1627e-02 2.2717e+03    166.167  0.000e+00
   57.31656   20.13268     51.436     4.2926   8.062424    304.811     0.4065     0.1459 4.1257e-02 2.2698e+03    166.208  0.000e+00
   57.31656   20.13268     51.429     4.2921   8.062572    304.803     0.4212     0.1484 4.1627e-02 2.2717e+03    166.250  0.000e+00
   57.31656   20.13268     51.436     4.2915   8.062424    304.523     0.3992     0.1411 4.1627e-02 2.2717e+03    166.292  0.000e+00
   57.31656   20.13268     51.429     4.2910   8.062498    304.763     0.3845     0.1386 4.1627e-02 2.2717e+03    166.333  0.000e+00
   57.31656   20.13268     51.436     4.2906   8.062424    304.485     0.4065     0.1435 4.1257e-02 2.2698e+03    166.375  0.000e+00
   57.31656   20.13268     51.533     4.2901   8.062387    304.457     0.4138     0.1459 4.1257e-02 2.2698e+03    166.417  0.000e+00
   57.31656   20.13268     51.484     4.2896   8.062387    304.426     0.3919     0.1386 4.1257e-02 2.2698e+03    166.458  0.000e+00
   57.31656   20.13268     51.484     4.2894   8.062202    304.398     0.3919     0.1435 4.1257e-02 2.2698e+03    166.500  0.000e+00
   57.31656   20.13268     51.533     4.2889   8.062239    304.376     0.4138     0.1606 4.1257e-02 2.2717e+03    166.542  0.000e+00
   57.31656   20.13268     51.540     4.2888   8.062276    304.628     0.4285     0.1826 4.1257e-02 2.2717e+03    166.583  0.000e+00
   57.31656   20.13268     51.581     4.2885   8.062276    304.366     0.4065     0.1875 4.1257e-02 2.2698e+03    166.625  0.000e+00
   57.31656   20.13268     51.540     4.2881   8.062165    304.347     0.4065     0.1948 4.1257e-02 2.2698e+03    166.667  0.000e+00
   57.31656   20.13268     51.581     4.2877   8.062313    304.334     0.4285     0.2070 4.1627e-02 2.2698e+03    166.708  0.000e+00
   57.31656   20.13268     51.588     4.2875   8.062202    304.320     0.4431     0.2119 4.1257e-02 2.2698e+03    166.750  0.000e+00
   57.31656   20.13268     51.540     4.2873   8.062165    304.308     0.4285     0.2070 4.1257e-02 2.2717e+03    166.792  0.000e+00
   57.31656   20.13268     51.630     4.2872   8.062239    304.302     0.4138     0.1997 4.1257e-02 2.2717e+03    166.833  0.000e+00
   57.31656   20.13268     51.637     4.2869   8.062054    304.299     0.4358     0.1997 4.1257e-02 2.2717e+03    166.875  0.000e+00
   57.31656   20.13268     51.630     4.2867   8.062202    304.295     0.4431     0.1997 4.1627e-02 2.2698e+03    166.917  0.000e+00
   57.31656   20.13268     51.692     4.2866   8.062276    304.022     0.4212     0.1899 4.1257e-02 2.2698e+03    166.958  0.000e+00
   57.31656   20.13268     51.630     4.2864   8.062054    304.266     0.4138     0.1826 4.1257e-02 2.2698e+03    167.000  0.000e+00
   57.31656   20.13268     51.692     4.2861   8.062165    304.001     0.4358     0.1850 4.1257e-02 2.2698e+03    167.042  0.000e+00
   57.31656   20.13268     51.678     4.2859   8.062165    304.254     0.4505     0.1826 4.1257e-02 2.2698e+03    167.083  0.000e+00
   57.31656   20.13268     51.692     4.2859   8.062165    304.267     0.4358     0.1777 4.1257e-02 2.2698e+03    167.125  0.000e+00
   57.31656   20.13268     51.741     4.2856   8.062239    304.011     0.4138     0.1655 4.1257e-02 2.2698e+03    167.167  0.000e+00
   57.31656   20.13268     51.678     4.2856   8.062165    303.995     0.4212     0.1606 4.1257e-02 2.2698e+03    167.208  0.000e+00
   57.31656   20.13268     51.741     4.2855   8.062054    303.989     0.4285     0.1655 4.1257e-02 2.2717e+03    167.250  0.000e+00
   57.31656   20.13268     51.782     4.2855   8.062276    303.984     0.4138     0.1630 4.1257e-02 2.2698e+03    167.292  0.000e+00
   57.31656   20.13268     51.692     4.2853   8.062202    303.981     0.3992     0.1630 4.1257e-02 2.2717e+03    167.333  0.000e+00
   57.31656   20.13268     51.831     4.2851   8.062314    303.990     0.4212     0.1777 4.1257e-02 2.2717e+03    167.375  0.000e+00
   57.31656   20.13268     51.789     4.2852   8.062499    303.995     0.4285     0.1875 4.0888e-02 2.2698e+03    167.417  0.000e+00
   57.31656   20.13268     51.838     4.2847   8.062425    304.012     0.4138     0.1826 4.1257e-02 2.2717e+03    167.458  0.000e+00
   57.31656   20.13268     51.782     4.2848   8.062499    304.024     0.3919     0.1679 4.1257e-02 2.2717e+03    167.500  0.000e+00
   57.31656   20.13268     51.893     4.2848   8.062240    304.048     0.3919     0.1655 4.1257e-02 2.2717e+03    167.542  0.000e+00
   57.31656   20.13268     51.782     4.2845   8.062314    304.069     0.3992     0.1655 4.1257e-02 2.2717e+03    167.583  0.000e+00
   57.31656   20.13268     51.893     4.2843   8.062388    304.068     0.3845     0.1508 4.1257e-02 2.2717e+03    167.625  0.000e+00
   57.31656   20.13268     51.886     4.2843   8.062647    304.063     0.3699     0.1435 4.1257e-02 2.2717e+03    167.667  0.000e+00
   57.31656   20.13268     51.838     4.2841   8.062462    303.787     0.3845     0.1557 4.1257e-02 2.2717e+03    167.708  0.000e+00
   57.31656   20.13268     51.942     4.2841   8.062462    304.036     0.3919     0.1630 4.1257e-02 2.2698e+03    167.750  0.000e+00
   57.31656   20.13268     51.935     4.2837   8.062388    304.045     0.3845     0.1582 4.1257e-02 2.2698e+03    167.792  0.000e+00
   57.31656   20.13268     51.942     4.2836   8.062499    304.054     0.3772     0.1533 4.1257e-02 2.2717e+03    167.833  0.000e+00
   57.31656   20.13268     51.935     4.2832   8.062425    304.068     0.4138     0.1606 4.1257e-02 2.2698e+03    167.875  0.000e+00
   57.31656   20.13268     51.942     4.2828   8.062388    304.086     0.4358     0.1557 4.1257e-02 2.2698e+03    167.917  0.000e+00
   57.31656   20.13268     51.983     4.2826   8.062388    304.105     0.4285     0.1435 4.1257e-02 2.2698e+03    167.958  0.000e+00
   57.31656   20.13268     51.942     4.2820   8.062388    303.852     0.3992     0.1582 4.1257e-02 2.2698e+03    168.000  0.000e+00
   57.31656   20.13268     51.990     4.2815   8.062388    304.125     0.4065     0.2216 4.1257e-02 2.2698e+03    168.042  0.000e+00
   57.31656   20.13268     52.039     4.2812   8.062166    304.156     0.4065     0.2436 4.1257e-02 2.2698e+03    168.083  0.000e+00
   57.31656   20.13268     52.046     4.2806   8.062017    304.190     0.3992     0.2412 4.1257e-02 2.2698e+03    168.125  0.000e+00
   57.31656   20.13268     52.039     4.2797   8.061832    304.229     0.3845     0.2119 4.1257e-02 2.2698e+03    168.167  0.000e+00
   57.31656   20.13268     52.046     4.2790   8.061795    304.271     0.4138     0.1655 4.0888e-02 2.2698e+03    168.208  0.000e+00
   57.31656   20.13268     52.046     4.2782   8.061573    304.315     0.4358     0.1435 4.0888e-02 2.2698e+03    168.250  0.000e+00
   57.31656   20.13268     52.087     4.2774   8.061425    304.087     0.4212     0.1484 4.1257e-02 2.2698e+03    168.292  0.000e+00
   57.31656   20.13268     52.094     4.2766   8.061203    304.347     0.3919     0.1533 4.1257e-02 2.2717e+03    168.333  0.000e+00
   57.31656   20.13268     52.087     4.2756   8.061017    304.401     0.4065     0.1606 4.0888e-02 2.2717e+03    168.375  0.000e+00
   57.31656   20.13268     52.198     4.2748   8.060721    304.426     0.4065     0.1630 4.0888e-02 2.2698e+03    168.417  0.000e+00
   57.31656   20.13268     52.087     4.2738   8.060647    304.446     0.4065     0.1557 4.1257e-02 2.2698e+03    168.458  0.000e+00
   57.31656   20.13268     52.143     4.2728   8.060054    304.475     0.3845     0.1337 4.1257e-02 2.2698e+03    168.500  0.000e+00
   57.31656   20.13268     52.198     4.2718   8.059795    304.503     0.4138     0.1289 4.1257e-02 2.2698e+03    168.542  0.000e+00
   57.31656   20.13268     52.136     4.2709   8.060054    304.527     0.4285     0.1264 4.0888e-02 2.2698e+03    168.583  0.000e+00
   57.31656   20.13268     52.198     4.2701   8.059869    304.591     0.4212     0.1289 4.0888e-02 2.2698e+03    168.625  0.000e+00
   57.31656   20.13268     52.191     4.2696   8.059869    304.619     0.3919     0.1264 4.0888e-02 2.2698e+03    168.667  0.000e+00
   57.31656   20.13268     52.247     4.2693   8.059795    304.649     0.4065     0.1459 4.1257e-02 2.2698e+03    168.708  0.000e+00
   57.31656   20.13268     52.240     4.2690   8.059647    304.678     0.4138     0.1508 4.0888e-02 2.2698e+03    168.750  0.000e+00
   57.31656   20.13268     52.247     4.2686   8.059758    304.708     0.4065     0.1508 4.0888e-02 2.2698e+03    168.792  0.000e+00
   57.31656   20.13268     52.247     4.2684   8.059795    305.016     0.3919     0.1362 4.0888e-02 2.2698e+03    168.833  0.000e+00
   57.31656   20.13268     52.240     4.2684   8.059944    304.802     0.4431     0.1386 4.1257e-02 2.2698e+03    168.875  0.000e+00
   57.31656   20.13268     52.295     4.2680   8.059832    304.837     0.4724     0.1459 4.0888e-02 2.2698e+03    168.917  0.000e+00
   57.31656   20.13268     52.288     4.2680   8.059684    304.869     0.4651     0.1484 4.0888e-02 2.2698e+03    168.958  0.000e+00
   57.31656   20.13268     52.295     4.2680   8.059869    305.144     0.4285     0.1411 4.0888e-02 2.2698e+03    169.000  0.000e+00
   57.31656   20.13268     52.344     4.2679   8.060092    304.935     0.4065     0.1533 4.0888e-02 2.2698e+03    169.042  0.000e+00
   57.31656   20.13268     52.337     4.2679   8.060055    304.934     0.3992     0.1582 4.1257e-02 2.2698e+03    169.083  0.000e+00
   57.31656   20.13268     52.344     4.2680   8.060203    305.242     0.3919     0.1533 4.0888e-02 2.2698e+03    169.125  0.000e+00
   57.31656   20.13268     52.392     4.2675   8.060277    305.038     0.3772     0.1362 4.0888e-02 2.2698e+03    169.167  0.000e+00
   57.31656   20.13268     52.399     4.2678   8.060166    305.037     0.4285     0.1337 4.0888e-02 2.2698e+03    169.208  0.000e+00
   57.31656   20.13268     52.392     4.2677   8.060351    305.037     0.4578     0.1337 4.0888e-02 2.2698e+03    169.250  0.000e+00
   57.31656   20.13268     52.399     4.2675   8.060203    305.039     0.4578     0.1337 4.0888e-02 2.2698e+03    169.292  0.000e+00
   57.31656   20.13268     52.399     4.2672   8.060388    305.041     0.4212     0.1264 4.0888e-02 2.2698e+03    169.333  0.000e+00
   57.31656   20.13268     52.441     4.2673   8.060425    305.318     0.4285     0.1313 4.0888e-02 2.2698e+03    169.375  0.000e+00
   57.31656   20.13268     52.448     4.2672   8.060203    305.351     0.4358     0.1362 4.0888e-02 2.2698e+03    169.417  0.000e+00
   57.31656   20.13268     52.441     4.2668   8.060055    305.386     0.4358     0.1362 4.0888e-02 2.2698e+03    169.458  0.000e+00
   57.31656   20.13268     52.399     4.2669   8.060203    305.411     0.3992     0.1289 4.0888e-02 2.2698e+03    169.500  0.000e+00
   57.31656   20.13268     52.552     4.2663   8.060277    305.450     0.3919     0.1435 4.0888e-02 2.2698e+03    169.542  0.000e+00
   57.31656   20.13268     52.489     4.2662   8.060166    305.199     0.3992     0.1435 4.0888e-02 2.2698e+03    169.583  0.000e+00
   57.31656   20.13268     52.496     4.2658   8.060018    305.472     0.3992     0.1435 4.0888e-02 2.2698e+03    169.625  0.000e+00
   57.31656   20.13268     52.545     4.2655   8.059981    305.501     0.3626     0.1337 4.0888e-02 2.2698e+03    169.667  0.000e+00
   57.31656   20.13268     52.496     4.2650   8.059907    305.527     0.3919     0.1508 4.0888e-02 2.2698e+03    169.708  0.000e+00
   57.31656   20.13268     52.552     4.2645   8.059796    305.522     0.4138     0.1679 4.0888e-02 2.2698e+03    169.750  0.000e+00
   57.31656   20.13268     52.593     4.2640   8.059796    305.546     0.4138     0.1679 4.0888e-02 2.2698e+03    169.792  0.000e+00
   57.31656   20.13268     52.600     4.2636   8.059796    305.569     0.3772     0.1655 4.0888e-02 2.2698e+03    169.833  0.000e+00
   57.31656   20.13268     52.545     4.2633   8.059870    305.585     0.3919     0.1753 4.0888e-02 2.2698e+03    169.875  0.000e+00
   57.31656   20.13268     52.552     4.2624   8.059796    305.608     0.4065     0.1801 4.0888e-02 2.2698e+03    169.917  0.000e+00
   57.31656   20.13268     52.642     4.2621   8.059574    305.629     0.4065     0.1801 4.0888e-02 2.2698e+03    169.958  0.000e+00
   57.31656   20.13268     52.649     4.2612   8.059314    305.650     0.3772     0.1679 4.0888e-02 2.2698e+03    170.000  0.000e+00
   57.31656   20.13268     52.649     4.2604   8.059277    305.632     0.3845     0.1655 4.0520e-02 2.2698e+03    170.042  0.000e+00
   57.31656   20.13268     52.642     4.2598   8.058981    305.646     0.3919     0.1630 4.0888e-02 2.2698e+03    170.083  0.000e+00
   57.31656   20.13268     52.649     4.2590   8.058796    305.661     0.3919     0.1606 4.0888e-02 2.2698e+03    170.125  0.000e+00
   57.31656   20.13268     52.642     4.2582   8.058685    305.673     0.3626     0.1459 4.0888e-02 2.2698e+03    170.167  0.000e+00
   57.31656   20.13268     52.704     4.2575   8.058537    305.685     0.3992     0.1557 4.0888e-02 2.2698e+03    170.208  0.000e+00
   57.31656   20.13268     52.704     4.2566   8.058648    305.696     0.4212     0.1557 4.0888e-02 2.2698e+03    170.250  0.000e+00
   57.31656   20.13268     52.746     4.2559   8.058833    305.703     0.4212     0.1508 4.0888e-02 2.2698e+03    170.292  0.000e+00
   57.31656   20.13268     52.753     4.2552   8.058907    305.675     0.3845     0.1337 4.0888e-02 2.2698e+03    170.333  0.000e+00
   57.31656   20.13268     52.746     4.2545   8.058907    305.677     0.4065     0.1386 4.0888e-02 2.2698e+03    170.375  0.000e+00
