tests/data/out/EMB295_003-01_CTD_0003.ros
* Sea-Bird SBE 9 Data File:
* FileName = D:\CTD_Data\EMB295_003-01_CTD_0003.hex
* Software Version Seasave V 7.26.7.121
* Temperature SN = 5261
* Conductivity SN = 4811
* Number of Bytes Per Scan = 48
* Number of Voltage Words = 5
* Number of Scans Averaged by the Deck Unit = 1
* NMEA Latitude = 57 18.99 N
* NMEA Longitude = 020 07.96 E
* NMEA UTC (Time) = Jul 04 2022  07:51:48
* NMEA baud rate = 9600
** Cruise = EMB295
** Station = EMB295_3-1
** Platform = CTD
** Cast = 0003
** Operator = Jan Donath
** GPS_Time = 04.07.2022 07:51:16
** GPS_Lat = 57 18.992 N
** GPS_Lon = 20  7.964 E
** Echo_Depth =  248.0 m
** Air_Pressure = 1014.5 hPa
** WsStartID =    76
** Pos_Alias = Gotland
# nquan = 14
# nvalues = 196
# units = specified
# name 0 = latitude: Latitude [deg]
# name 1 = longitude: Longitude [deg]
# name 2 = prDM: Pressure, Digiquartz [db]
# name 3 = t190C: Temperature, 2 [ITS-90, deg C]
# name 4 = c1mS/cm: Conductivity, 2 [mS/cm]
# name 5 = sbox1Mm/Kg: Oxygen, SBE 43, 2 [umol/kg]
# name 6 = flECO-AFL: Fluorescence, WET Labs ECO-AFL/FL [mg/m^3]
# name 7 = turbWETntu0: Turbidity, WET Labs ECO [NTU]
# name 8 = par: PAR/Irradiance, Biospherical/Licor
# name 9 = spar: SPAR, Biospherical/Licor
# name 10 = timeS: Time, Elapsed [seconds]
# name 11 = scan: Scan Count
# name 12 = nbf: Bottles Fired
# name 13 = flag:  0.000e+00
# interval = seconds: 0.0416667
# start_time = Jul 04 2022 07:51:48 [NMEA time, first data scan]
# bad_flag = -9.990e-29
*END*
[from data line 104]
   57.31652   20.13270     72.506     4.9512   9.435986    187.368     0.2893     0.1435 3.8333e-02 2.2717e+03    232.000       5569          3  0.000e+00
   57.31652   20.13270     72.450     4.9548   9.441753    186.908     0.2820     0.1386 3.7972e-02 2.2717e+03    232.042       5570          3  0.000e+00
   57.31652   20.13270     72.305     4.9586   9.447597    186.207     0.2820     0.1386 3.8333e-02 2.2717e+03    232.083       5571          3  0.000e+00
   57.31652   20.13270     72.402     4.9624   9.453288    185.512     0.2893     0.1411 3.7972e-02 2.2717e+03    232.125       5572          3  0.000e+00
   57.31652   20.13270     72.450     4.9660   9.459018    184.819     0.2746     0.1386 3.8333e-02 2.2717e+03    232.167       5573          3  0.000e+00
   57.31652   20.13270     72.402     4.9695   9.465711    183.824     0.2746     0.1337 3.8333e-02 2.2717e+03    232.208       5574          3  0.000e+00
   57.31652   20.13270     72.402     4.9732   9.472406    183.338     0.3039     0.1313 3.7972e-02 2.2717e+03    232.250       5575          3  0.000e+00
   57.31652   20.13270     72.506     4.9770   9.479217    182.655     0.3113     0.1313 3.8333e-02 2.2717e+03    232.292       5576          3  0.000e+00
   57.31652   20.13270     72.444     4.9811   9.485990    181.941     0.3039     0.1289 3.8333e-02 2.2737e+03    232.333       5577          3  0.000e+00
   57.31652   20.13270     72.506     4.9847   9.492534    181.239     0.2966     0.1459 3.8333e-02 2.2737e+03    232.375       5578          3  0.000e+00
   57.31652   20.13270     72.450     4.9884   9.498886    180.274     0.3113     0.1826 3.7972e-02 2.2737e+03    232.417       5579          3  0.000e+00
   57.31652   20.13270     72.506     4.9927   9.505432    179.791     0.3186     0.1948 3.8333e-02 2.2737e+03    232.458       5580          3  0.000e+00
   57.31652   20.13270     72.506     4.9967   9.512326    179.082     0.3113     0.1899 3.8333e-02 2.2737e+03    232.500       5581          3  0.000e+00
   57.31652   20.13270     72.506     5.0008   9.519683    178.114     0.2966     0.1777 3.8333e-02 2.2717e+03    232.542       5582          3  0.000e+00
   57.31652   20.13270     72.554     5.0049   9.526579    177.364     0.3039     0.1655 3.8333e-02 2.2717e+03    232.583       5583          3  0.000e+00
   57.31652   20.13270     72.451     5.0092   9.533438    176.625     0.3113     0.1606 3.8333e-02 2.2717e+03    232.625       5584          3  0.000e+00
   57.31652   20.13270     72.554     5.0140   9.540838    175.902     0.3039     0.1606 3.8333e-02 2.2717e+03    232.667       5585          3  0.000e+00
   57.31652   20.13270     72.603     5.0184   9.549126    175.193     0.2893     0.1582 3.8333e-02 2.2717e+03    232.708       5586          3  0.000e+00
   57.31652   20.13270     72.554     5.0232   9.558225    174.198     0.2893     0.1630 3.8333e-02 2.2717e+03    232.750       5587          3  0.000e+00
   57.31652   20.13270     72.603     5.0281   9.567095    173.460     0.2893     0.1655 3.8333e-02 2.2737e+03    232.792       5588          3  0.000e+00
   57.31652   20.13270     72.554     5.0332   9.575581    172.739     0.2893     0.1630 3.8333e-02 2.2737e+03    232.833       5589          3  0.000e+00
   57.31652   20.13270     72.658     5.0378   9.583800    172.012     0.2673     0.1582 3.8333e-02 2.2737e+03    232.875       5590          3  0.000e+00
   57.31652   20.13270     72.603     5.0431   9.591440    171.569     0.2673     0.1606 3.8333e-02 2.2737e+03    232.917       5591          3  0.000e+00
   57.31652   20.13270     72.603     5.0478   9.599160    170.614     0.2746     0.1630 3.8333e-02 2.2737e+03    232.958       5592          3  0.000e+00
   57.31652   20.13270     72.707     5.0531   9.607769    169.917     0.2673     0.1606 3.8333e-02 2.2737e+03    233.000       5593          3  0.000e+00
   57.31652   20.13270     72.700     5.0582   9.616651    169.209     0.2600     0.1533 3.8333e-02 2.2737e+03    233.042       5594          3  0.000e+00
   57.31652   20.13270     72.658     5.0633   9.625959    168.256     0.2746     0.1508 3.8333e-02 2.2737e+03    233.083       5595          3  0.000e+00
   57.31652   20.13270     72.707     5.0684   9.634999    167.568     0.2820     0.1508 3.8333e-02 2.2737e+03    233.125       5596          3  0.000e+00
   57.31652   20.13270     72.658     5.0730   9.643655    166.875     0.2820     0.1459 3.8333e-02 2.2737e+03    233.167       5597          3  0.000e+00
   57.31652   20.13270     72.755     5.0781   9.651578    166.180     0.2600     0.1435 3.8333e-02 2.2737e+03    233.208       5598          3  0.000e+00
   57.31652   20.13270     72.755     5.0830   9.659387    165.244     0.2746     0.1484 3.8333e-02 2.2737e+03    233.250       5599          3  0.000e+00
   57.31652   20.13270     72.755     5.0875   9.666966    164.543     0.2746     0.1508 3.8695e-02 2.2737e+03    233.292       5600          3  0.000e+00
   57.31652   20.13270     72.755     5.0922   9.674739    163.872     0.2746     0.1508 3.8333e-02 2.2737e+03    233.333       5601          3  0.000e+00
   57.31652   20.13270     72.811     5.0970   9.682320    163.200     0.2600     0.1435 3.8333e-02 2.2737e+03    233.375       5602          3  0.000e+00
   57.31652   20.13270     72.811     5.1018   9.690019    162.292     0.2746     0.1459 3.8333e-02 2.2737e+03    233.417       5603          3  0.000e+00
   57.31652   20.13270     72.859     5.1067   9.697758    161.622     0.2820     0.1459 3.8333e-02 2.2737e+03    233.458       5604          3  0.000e+00
   57.31652   20.13270     72.811     5.1117   9.705189    160.718     0.2820     0.1459 3.8333e-02 2.2737e+03    233.500       5605          3  0.000e+00
   57.31652   20.13270     72.908     5.1166   9.712970    160.322     0.2673     0.1459 3.8333e-02 2.2737e+03    233.542       5606          3  0.000e+00
   57.31652   20.13270     72.859     5.1216   9.720443    159.425     0.3039     0.1679 3.7972e-02 2.2737e+03    233.583       5607          3  0.000e+00
   57.31652   20.13270     72.859     5.1262   9.727801    158.769     0.3259     0.1753 3.8333e-02 2.2737e+03    233.625       5608          3  0.000e+00
   57.31652   20.13270     72.908     5.1311   9.734889    158.151     0.3186     0.1753 3.8333e-02 2.2737e+03    233.667       5609          3  0.000e+00
   57.31652   20.13270     72.901     5.1360   9.741320    157.537     0.2966     0.1679 3.8695e-02 2.2737e+03    233.708       5610          3  0.000e+00
   57.31652   20.13270     72.908     5.1405   9.747713    156.665     0.3039     0.1655 3.8695e-02 2.2737e+03    233.750       5611          3  0.000e+00
   57.31652   20.13258    237.812     7.2196  14.302694      0.949     0.3919     0.0629 3.9058e-02 2.2874e+03    767.625      18424          4  0.000e+00
   57.31652   20.13258    237.916     7.2195  14.302737      0.955     0.3919     0.0629 3.9058e-02 2.2874e+03    767.667      18425          4  0.000e+00
   57.31652   20.13258    237.812     7.2195  14.302737      0.960     0.3772     0.0556 3.8695e-02 2.2874e+03    767.708      18426          4  0.000e+00
   57.31652   20.13258    237.610     7.2198  14.302693      0.938     0.3919     0.0605 3.8695e-02 2.2894e+03    767.750      18427          4  0.000e+00
   57.31652   20.13258    237.916     7.2196  14.302694      0.942     0.4065     0.0678 3.9058e-02 2.2894e+03    767.792      18428          4  0.000e+00
   57.31652   20.13258    237.763     7.2198  14.302866      0.947     0.4065     0.0654 3.8695e-02 2.2894e+03    767.833      18429          4  0.000e+00
   57.31652   20.13258    237.763     7.2196  14.302780      0.951     0.3919     0.0629 3.9058e-02 2.2894e+03    767.875      18430          4  0.000e+00
   57.31652   20.13258    237.763     7.2198  14.302823      0.956     0.3772     0.0605 3.8695e-02 2.2894e+03    767.917      18431          4  0.000e+00
   57.31652   20.13258    237.812     7.2198  14.302737      0.960     0.3699     0.0556 3.9058e-02 2.2894e+03    767.958      18432          4  0.000e+00
   57.31652   20.13258    237.812     7.2196  14.302866      0.965     0.3699     0.0556 3.9058e-02 2.2894e+03    768.000      18433          4  0.000e+00
   57.31652   20.13258    237.840     7.2196  14.302780      0.970     0.3552     0.0507 3.9058e-02 2.2894e+03    768.042      18434          4  0.000e+00
   57.31652   20.13258    237.868     7.2196  14.302823      0.726     0.3772     0.0458 3.9058e-02 2.2894e+03    768.083      18435          4  0.000e+00
   57.31652   20.13258    237.916     7.2198  14.302651      0.952     0.4065     0.0434 3.8695e-02 2.2894e+03    768.125      18436          4  0.000e+00
   57.31652   20.13258    237.916     7.2195  14.302694      0.958     0.4138     0.0409 3.9058e-02 2.2894e+03    768.167      18437          4  0.000e+00
   57.31652   20.13258    237.965     7.2196  14.302608      0.964     0.4065     0.0385 3.9058e-02 2.2894e+03    768.208      18438          4  0.000e+00
   57.31652   20.13258    237.868     7.2196  14.302522      0.970     0.3992     0.0532 3.8695e-02 2.2894e+03    768.250      18439          4  0.000e+00
   57.31652   20.13258    238.021     7.2196  14.302651      0.727     0.4065     0.0654 3.8695e-02 2.2894e+03    768.292      18440          4  0.000e+00
   57.31652   20.13258    237.965     7.2196  14.302866      0.707     0.4138     0.0678 3.8695e-02 2.2894e+03    768.333      18441          4  0.000e+00
   57.31652   20.13258    237.868     7.2196  14.302780      0.687     0.3992     0.0605 3.9058e-02 2.2894e+03    768.375      18442          4  0.000e+00
   57.31652   20.13258    237.965     7.2195  14.302565      0.917     0.3992     0.0580 3.9058e-02 2.2894e+03    768.417      18443          4  0.000e+00
   57.31652   20.13258    237.868     7.2196  14.302651      0.926     0.4065     0.0605 3.8695e-02 2.2894e+03    768.458      18444          4  0.000e+00
   57.31652   20.13258    237.868     7.2196  14.302608      0.935     0.4065     0.0654 3.8695e-02 2.2894e+03    768.500      18445          4  0.000e+00
   57.31652   20.13258    237.868     7.2198  14.302823      0.944     0.3992     0.0605 3.8695e-02 2.2894e+03    768.542      18446          4  0.000e+00
   57.31652   20.13258    237.813     7.2195  14.302780      0.954     0.3919     0.0629 3.9058e-02 2.2894e+03    768.583      18447          4  0.000e+00
   57.31652   20.13258    237.792     7.2196  14.302694      0.963     0.3919     0.0654 3.9058e-02 2.2894e+03    768.625      18448          4  0.000e+00
   57.31652   20.13258    237.764     7.2198  14.302823      0.972     0.3992     0.0678 3.9058e-02 2.2894e+03    768.667      18449          4  0.000e+00
   57.31652   20.13258    237.813     7.2196  14.302909      0.981     0.3845     0.0702 3.8695e-02 2.2894e+03    768.708      18450          4  0.000e+00
   57.31652   20.13258    237.813     7.2198  14.302651      0.962     0.3845     0.0702 3.8695e-02 2.2894e+03    768.750      18451          4  0.000e+00
   57.31652   20.13258    237.813     7.2198  14.302780      0.970     0.3919     0.0702 3.9058e-02 2.2894e+03    768.792      18452          4  0.000e+00
   57.31652   20.13258    237.813     7.2195  14.302866      0.978     0.3919     0.0702 3.9058e-02 2.2894e+03    768.833      18453          4  0.000e+00
   57.31652   20.13258    237.813     7.2196  14.302651      0.985     0.3919     0.0727 3.9058e-02 2.2894e+03    768.875      18454          4  0.000e+00
   57.31652   20.13258    237.813     7.2198  14.302952      0.993     0.3919     0.0629 3.8695e-02 2.2894e+03    768.917      18455          4  0.000e+00
   57.31652   20.13258    237.917     7.2196  14.302780      1.001     0.4065     0.0507 3.8695e-02 2.2894e+03    768.958      18456          4  0.000e+00
   57.31652   20.13258    237.917     7.2195  14.302823      1.009     0.4138     0.0507 3.9058e-02 2.2894e+03    769.000      18457          4  0.000e+00
   57.31652   20.13258    237.868     7.2196  14.302651      0.769     0.4065     0.0458 3.9058e-02 2.2894e+03    769.042      18458          4  0.000e+00
   57.31652   20.13258    237.917     7.2196  14.302608      0.999     0.3845     0.0434 3.9058e-02 2.2894e+03    769.083      18459          4  0.000e+00
   57.31652   20.13258    237.917     7.2196  14.302651      1.008     0.3699     0.0507 3.8695e-02 2.2894e+03    769.125      18460          4  0.000e+00
   57.31652   20.13258    237.917     7.2196  14.302694      1.017     0.3699     0.0458 3.9058e-02 2.2894e+03    769.167      18461          4  0.000e+00
   57.31652   20.13258    237.869     7.2196  14.302866      1.027     0.3626     0.0385 3.9058e-02 2.2894e+03    769.208      18462          4  0.000e+00
   57.31652   20.13258    237.945     7.2196  14.302780      1.007     0.3626     0.0458 3.9058e-02 2.2894e+03    769.250      18463          4  0.000e+00
   57.31652   20.13258    237.869     7.2196  14.303081      0.767     0.3992     0.0629 3.8695e-02 2.2894e+03    769.292      18464          4  0.000e+00
   57.31652   20.13258    237.869     7.2198  14.302952      0.997     0.4065     0.0654 3.8695e-02 2.2894e+03    769.333      18465          4  0.000e+00
   57.31652   20.13258    237.813     7.2196  14.302780      0.978     0.3992     0.0605 3.9058e-02 2.2894e+03    769.375      18466          4  0.000e+00
   57.31652   20.13258    237.869     7.2196  14.302737      0.957     0.3919     0.0580 3.9058e-02 2.2894e+03    769.417      18467          4  0.000e+00
   57.31652   20.13258    237.813     7.2196  14.302694      0.964     0.3992     0.0629 3.9058e-02 2.2894e+03    769.458      18468          4  0.000e+00
   57.31652   20.13258    237.813     7.2195  14.302694      0.723     0.4065     0.0605 3.8695e-02 2.2894e+03    769.500      18469          4  0.000e+00
   57.31652   20.13258    237.813     7.2198  14.302608      0.703     0.3992     0.0556 3.8695e-02 2.2894e+03    769.542      18470          4  0.000e+00
   57.31652   20.13258    237.813     7.2196  14.302823      0.933     0.3845     0.0507 3.9058e-02 2.2894e+03    769.583      18471          4  0.000e+00
   57.31652   20.13258    237.869     7.2196  14.302737      0.942     0.3845     0.0580 3.9058e-02 2.2894e+03    769.625      18472          4  0.000e+00
