tests/data/out/emb295_003-01_ctd_0003.cnv
* Sea-Bird SBE 9 Data File:
* FileName = D:\CTD_Data\EMB295_003-01_CTD_0003.hex
* Software Version Seasave V 7.26.7.121
* Temperature SN = 5261
* Conductivity SN = 4811
* Number of Bytes Per Scan = 48
* Number of Voltage Words = 5
* Number of Scans Averaged by the Deck Unit = 1
* NMEA Latitude = 57 18.99 N
* NMEA Longitude = 020 07.96 E
* NMEA UTC (Time) = Jul 04 2022  07:51:48
* NMEA baud rate = 9600
** Cruise = EMB295
** Station = EMB295_3-1
** Platform = CTD
** Cast = 0003
** Operator = Jan Donath
** GPS_Time = 04.07.2022 07:51:16
** GPS_Lat = 57 18.992 N
** GPS_Lon = 20  7.964 E
** Echo_Depth =  248.0 m
** Air_Pressure = 1014.5 hPa
** WsStartID =    76
** Pos_Alias = Gotland
# nquan = 12
# nvalues = 18592                                 
# units = specified
# name 0 = latitude: Latitude [deg]
# name 1 = longitude: Longitude [deg]
# name 2 = prDM: Pressure, Digiquartz [db]
# name 3 = t190C: Temperature, 2 [ITS-90, deg C]
# name 4 = c1mS/cm: Conductivity, 2 [mS/cm]
# name 5 = sbox1Mm/Kg: Oxygen, SBE 43, 2 [umol/kg]
# name 6 = flECO-AFL: Fluorescence, WET Labs ECO-AFL/FL [mg/m^3]
# name 7 = turbWETntu0: Turbidity, WET Labs ECO [NTU]
# name 8 = par: PAR/Irradiance, Biospherical/Licor
# name 9 = spar: SPAR, Biospherical/Licor
# name 10 = timeS: Time, Elapsed [seconds]
# name 11 = flag:  0.000e+00
# span 0 =   57.31650,   57.31658                 
# span 1 =   20.13258,   20.13274                 
# span 2 =      1.944,    238.021                 
# span 3 =     3.9872,    19.9320                 
# span 4 =   8.039995,  14.303167                 
# span 5 =      0.687,    353.488                 
# span 6 =     0.2307,     4.6336                 
# span 7 =    -0.0079,     3.3572                 
# span 8 = 3.7612e-02, 2.2659e+01                 
# span 9 = 1.7107e+03, 2.3090e+03                 
# span 10 =      0.000,    774.625                
# span 11 = 0.0000e+00, 0.0000e+00                
# interval = seconds: 0.0416667
# start_time = Jul 04 2022 07:51:48 [NMEA time, first data scan]
# bad_flag = -9.990e-29
*END*
[from data line 4933]
   57.31654   20.13270     63.838     4.0993   8.156508    283.295     0.3039     0.0116 3.7972e-02 2.2659e+03    205.542  0.000e+00
   57.31654   20.13270     63.942     4.0989   8.156917    283.093     0.3406     0.0238 3.7972e-02 2.2678e+03    205.583  0.000e+00
   57.31654   20.13270     63.894     4.0980   8.157400    283.419     0.3626     0.0336 3.7972e-02 2.2659e+03    205.625  0.000e+00
   57.31654   20.13270     63.942     4.0974   8.157771    283.230     0.3699     0.0312 3.7972e-02 2.2678e+03    205.667  0.000e+00
   57.31654   20.13270     63.997     4.0965   8.158254    283.293     0.3406     0.0214 3.8333e-02 2.2678e+03    205.708  0.000e+00
   57.31654   20.13270     63.990     4.0955   8.158774    283.606     0.3479     0.0385 3.7972e-02 2.2678e+03    205.750  0.000e+00
   57.31654   20.13270     64.046     4.0947   8.159183    283.679     0.3552     0.0483 3.7972e-02 2.2678e+03    205.792  0.000e+00
   57.31654   20.13270     64.094     4.0935   8.159963    283.759     0.3552     0.0483 3.7972e-02 2.2678e+03    205.833  0.000e+00
   57.31654   20.13270     64.046     4.0930   8.160260    283.835     0.3259     0.0385 3.8333e-02 2.2678e+03    205.875  0.000e+00
   57.31654   20.13270     63.991     4.0922   8.160557    283.917     0.3333     0.0361 3.7972e-02 2.2678e+03    205.917  0.000e+00
   57.31654   20.13270     64.094     4.0919   8.160669    284.006     0.3406     0.0336 3.8333e-02 2.2678e+03    205.958  0.000e+00
   57.31654   20.13270     64.046     4.0914   8.161152    284.094     0.3479     0.0312 3.7972e-02 2.2678e+03    206.000  0.000e+00
   57.31654   20.13270     64.046     4.0908   8.161412    284.155     0.3186     0.0214 3.7972e-02 2.2678e+03    206.042  0.000e+00
   57.31654   20.13270     64.046     4.0905   8.161709    284.216     0.3259     0.0312 3.8333e-02 2.2678e+03    206.083  0.000e+00
   57.31654   20.13270     64.095     4.0902   8.162266    284.281     0.3406     0.0361 3.8333e-02 2.2678e+03    206.125  0.000e+00
   57.31654   20.13270     64.095     4.0897   8.162340    284.349     0.3406     0.0409 3.7972e-02 2.2678e+03    206.167  0.000e+00
   57.31654   20.13270     64.143     4.0892   8.162601    284.387     0.3039     0.0287 3.7972e-02 2.2678e+03    206.208  0.000e+00
   57.31654   20.13270     64.198     4.0890   8.163046    284.458     0.3333     0.0336 3.7972e-02 2.2678e+03    206.250  0.000e+00
   57.31654   20.13270     64.198     4.0889   8.163195    284.531     0.3552     0.0409 3.7972e-02 2.2678e+03    206.292  0.000e+00
   57.31654   20.13270     64.143     4.0886   8.163381    284.605     0.3552     0.0434 3.8333e-02 2.2678e+03    206.333  0.000e+00
   57.31654   20.13270     64.199     4.0886   8.163715    284.684     0.3259     0.0361 3.7972e-02 2.2678e+03    206.375  0.000e+00
   57.31654   20.13270     64.247     4.0886   8.163901    285.044     0.3406     0.0312 3.7972e-02 2.2678e+03    206.417  0.000e+00
   57.31654   20.13270     64.199     4.0886   8.164124    284.844     0.3552     0.0238 3.8333e-02 2.2678e+03    206.458  0.000e+00
   57.31654   20.13270     64.247     4.0886   8.164198    285.171     0.3552     0.0238 3.8333e-02 2.2678e+03    206.500  0.000e+00
   57.31654   20.13270     64.199     4.0888   8.164384    285.249     0.3259     0.0165 3.7972e-02 2.2678e+03    206.542  0.000e+00
   57.31654   20.13270     64.247     4.0889   8.164532    285.332     0.3039     0.0238 3.7972e-02 2.2678e+03    206.583  0.000e+00
   57.31654   20.13270     64.247     4.0892   8.164681    285.411     0.3039     0.0336 3.7972e-02 2.2678e+03    206.625  0.000e+00
   57.31654   20.13270     64.296     4.0895   8.164867    285.769     0.3039     0.0361 3.7972e-02 2.2678e+03    206.667  0.000e+00
   57.31654   20.13270     64.296     4.0900   8.165052    285.844     0.2746     0.0214 3.8333e-02 2.2678e+03    206.708  0.000e+00
   57.31654   20.13270     64.296     4.0902   8.165275    285.918     0.3113     0.0336 3.8333e-02 2.2678e+03    206.750  0.000e+00
   57.31654   20.13270     64.344     4.0909   8.165498    285.987     0.3406     0.0483 3.7972e-02 2.2678e+03    206.792  0.000e+00
   57.31654   20.13270     64.344     4.0914   8.165684    286.053     0.3406     0.0556 3.7972e-02 2.2678e+03    206.833  0.000e+00
   57.31654   20.13270     64.400     4.0921   8.165796    286.118     0.3113     0.0434 3.7972e-02 2.2678e+03    206.875  0.000e+00
   57.31654   20.13270     64.351     4.0924   8.166093    285.899     0.3113     0.0434 3.8333e-02 2.2678e+03    206.917  0.000e+00
   57.31654   20.13270     64.400     4.0928   8.166316    285.927     0.3186     0.0483 3.7972e-02 2.2678e+03    206.958  0.000e+00
   57.31654   20.13270     64.400     4.0931   8.166501    286.230     0.3186     0.0483 3.7972e-02 2.2698e+03    207.000  0.000e+00
   57.31654   20.13270     64.400     4.0937   8.166687    286.285     0.2893     0.0361 3.8333e-02 2.2678e+03    207.042  0.000e+00
   57.31654   20.13270     64.448     4.0940   8.166724    286.305     0.3113     0.0361 3.7972e-02 2.2678e+03    207.083  0.000e+00
   57.31654   20.13270     64.400     4.0941   8.167059    286.319     0.3333     0.0385 3.7972e-02 2.2678e+03    207.125  0.000e+00
   57.31654   20.13270     64.400     4.0944   8.167207    286.328     0.3333     0.0409 3.7972e-02 2.2678e+03    207.167  0.000e+00
   57.31654   20.13270     64.448     4.0946   8.167393    286.337     0.3039     0.0336 3.7972e-02 2.2678e+03    207.208  0.000e+00
   57.31654   20.13270     64.448     4.0949   8.167653    286.339     0.3259     0.0385 3.7972e-02 2.2678e+03    207.250  0.000e+00
   57.31654   20.13270     64.497     4.0948   8.167913    286.341     0.3479     0.0434 3.7972e-02 2.2678e+03    207.292  0.000e+00
   57.31654   20.13270     64.497     4.0952   8.168136    286.332     0.3552     0.0385 3.8333e-02 2.2698e+03    207.333  0.000e+00
   57.31654   20.13270     64.601     4.0954   8.168471    286.604     0.3259     0.0287 3.7972e-02 2.2698e+03    207.375  0.000e+00
   57.31654   20.13270     64.552     4.0957   8.168879    286.618     0.3039     0.0361 3.7972e-02 2.2678e+03    207.417  0.000e+00
   57.31654   20.13270     64.552     4.0961   8.169437    286.628     0.3039     0.0409 3.7972e-02 2.2678e+03    207.458  0.000e+00
   57.31654   20.13270     64.552     4.0963   8.169771    286.634     0.3039     0.0458 3.7972e-02 2.2678e+03    207.500  0.000e+00
   57.31654   20.13270     64.552     4.0968   8.169957    286.633     0.2820     0.0336 3.7972e-02 2.2678e+03    207.542  0.000e+00
   57.31654   20.13270     64.552     4.0969   8.170180    286.664     0.3186     0.0507 3.7972e-02 2.2678e+03    207.583  0.000e+00
   57.31654   20.13270     64.552     4.0974   8.170477    286.652     0.3479     0.0678 3.7972e-02 2.2678e+03    207.625  0.000e+00
   57.31654   20.13270     64.601     4.0977   8.170960    286.673     0.3552     0.0702 3.8333e-02 2.2678e+03    207.667  0.000e+00
   57.31654   20.13270     64.552     4.0979   8.171332    286.652     0.3333     0.0580 3.8333e-02 2.2678e+03    207.708  0.000e+00
   57.31654   20.13270     64.705     4.0981   8.171666    286.633     0.3406     0.0580 3.7972e-02 2.2678e+03    207.750  0.000e+00
   57.31654   20.13270     64.601     4.0984   8.171926    286.634     0.3699     0.0629 3.7972e-02 2.2678e+03    207.792  0.000e+00
   57.31654   20.13270     64.705     4.0990   8.172335    286.634     0.3699     0.0654 3.7972e-02 2.2678e+03    207.833  0.000e+00
   57.31654   20.13270     64.705     4.0994   8.172781    286.629     0.3479     0.0532 3.8333e-02 2.2678e+03    207.875  0.000e+00
   57.31654   20.13270     64.649     4.0996   8.173152    286.897     0.3333     0.0483 3.7972e-02 2.2678e+03    207.917  0.000e+00
   57.31654   20.13270     64.705     4.1003   8.173598    286.915     0.3406     0.0532 3.7972e-02 2.2678e+03    207.958  0.000e+00
   57.31654   20.13270     64.705     4.1003   8.173821    286.931     0.3406     0.0556 3.7972e-02 2.2678e+03    208.000  0.000e+00
   57.31654   20.13270     64.705     4.1006   8.174156    286.940     0.3186     0.0483 3.7972e-02 2.2678e+03    208.042  0.000e+00
   57.31654   20.13270     64.753     4.1006   8.175048    286.945     0.3259     0.0580 3.7972e-02 2.2678e+03    208.083  0.000e+00
   57.31654   20.13270     64.705     4.1002   8.175568    286.946     0.3333     0.0751 3.7972e-02 2.2678e+03    208.125  0.000e+00
   57.31654   20.13270     64.753     4.1001   8.175865    287.220     0.3406     0.0776 3.7972e-02 2.2678e+03    208.167  0.000e+00
   57.31654   20.13270     64.753     4.0999   8.176385    287.241     0.3186     0.0678 3.7972e-02 2.2678e+03    208.208  0.000e+00
   57.31654   20.13270     64.802     4.0997   8.176794    287.258     0.3333     0.0702 3.7972e-02 2.2678e+03    208.250  0.000e+00
   57.31654   20.13270     64.802     4.0994   8.177315    287.266     0.3552     0.0776 3.7972e-02 2.2678e+03    208.292  0.000e+00
   57.31654   20.13270     64.802     4.0990   8.178058    287.545     0.3699     0.0776 3.7972e-02 2.2678e+03    208.333  0.000e+00
   57.31654   20.13270     64.802     4.0986   8.178467    287.573     0.3406     0.0678 3.7972e-02 2.2678e+03    208.375  0.000e+00
   57.31654   20.13270     64.850     4.0984   8.178950    287.593     0.3186     0.0629 3.7972e-02 2.2678e+03    208.417  0.000e+00
   57.31654   20.13270     64.850     4.0982   8.179322    287.637     0.3186     0.0580 3.7972e-02 2.2678e+03    208.458  0.000e+00
   57.31654   20.13270     64.850     4.0983   8.179545    287.915     0.3186     0.0556 3.7972e-02 2.2678e+03    208.500  0.000e+00
   57.31654   20.13270     64.857     4.0979   8.179730    287.978     0.2966     0.0507 3.7972e-02 2.2678e+03    208.542  0.000e+00
   57.31654   20.13270     64.851     4.0980   8.179805    288.029     0.2966     0.0629 3.7972e-02 2.2678e+03    208.583  0.000e+00
   57.31654   20.13270     64.906     4.0979   8.179916    288.075     0.3113     0.0751 3.7972e-02 2.2678e+03    208.625  0.000e+00
   57.31654   20.13270     64.906     4.0985   8.180102    288.383     0.3186     0.0776 3.7972e-02 2.2678e+03    208.667  0.000e+00
   57.31654   20.13270     64.851     4.0985   8.180176    288.475     0.2966     0.0678 3.7972e-02 2.2678e+03    208.708  0.000e+00
   57.31654   20.13270     64.954     4.0988   8.180437    288.285     0.2966     0.0580 3.7972e-02 2.2678e+03    208.750  0.000e+00
   57.31654   20.13270     64.955     4.0988   8.180808    288.607     0.3113     0.0532 3.7972e-02 2.2678e+03    208.792  0.000e+00
   57.31654   20.13270     65.003     4.0990   8.181217    288.676     0.3186     0.0556 3.7972e-02 2.2678e+03    208.833  0.000e+00
   57.31654   20.13270     64.955     4.0992   8.181775    289.012     0.2893     0.0507 3.7972e-02 2.2678e+03    208.875  0.000e+00
   57.31654   20.13270     65.003     4.0994   8.182518    289.096     0.2966     0.0532 3.7972e-02 2.2678e+03    208.917  0.000e+00
   57.31654   20.13270     64.955     4.0994   8.182964    289.134     0.3186     0.0605 3.7972e-02 2.2678e+03    208.958  0.000e+00
   57.31654   20.13270     65.003     4.0998   8.183261    289.162     0.3259     0.0605 3.7972e-02 2.2678e+03    209.000  0.000e+00
   57.31654   20.13270     65.003     4.0998   8.183707    289.492     0.3113     0.0532 3.7972e-02 2.2678e+03    209.042  0.000e+00
   57.31654   20.13270     65.059     4.1000   8.184488    289.567     0.3186     0.0580 3.7972e-02 2.2678e+03    209.083  0.000e+00
   57.31654   20.13270     65.059     4.1003   8.185157    289.628     0.3479     0.0702 3.7972e-02 2.2678e+03    209.125  0.000e+00
   57.31654   20.13270     65.059     4.1004   8.185789    289.679     0.3552     0.0727 3.7972e-02 2.2678e+03    209.167  0.000e+00
   57.31654   20.13270     65.059     4.1008   8.186161    289.995     0.3406     0.0629 3.7972e-02 2.2678e+03    209.208  0.000e+00
   57.31654   20.13270     65.059     4.1010   8.186681    289.778     0.3259     0.0458 3.8333e-02 2.2678e+03    209.250  0.000e+00
   57.31654   20.13270     65.107     4.1013   8.187202    290.072     0.3259     0.0409 3.8333e-02 2.2678e+03    209.292  0.000e+00
   57.31654   20.13270     65.156     4.1016   8.187536    290.111     0.3333     0.0434 3.7972e-02 2.2678e+03    209.333  0.000e+00
   57.31654   20.13270     65.156     4.1023   8.188057    290.131     0.3113     0.0434 3.7972e-02 2.2678e+03    209.375  0.000e+00
   57.31654   20.13270     65.107     4.1025   8.188689    290.176     0.3186     0.0458 3.7972e-02 2.2678e+03    209.417  0.000e+00
   57.31654   20.13270     65.156     4.1026   8.189246    290.491     0.3479     0.0483 3.7972e-02 2.2678e+03    209.458  0.000e+00
   57.31654   20.13270     65.211     4.1031   8.189730    290.269     0.3626     0.0483 3.8333e-02 2.2678e+03    209.500  0.000e+00
   57.31654   20.13270     65.211     4.1034   8.190213    290.558     0.3479     0.0434 3.7972e-02 2.2678e+03    209.542  0.000e+00
   57.31654   20.13270     65.163     4.1033   8.190733    290.591     0.3406     0.0385 3.7972e-02 2.2678e+03    209.583  0.000e+00
   57.31654   20.13270     65.211     4.1036   8.191328    290.890     0.3626     0.0458 3.7972e-02 2.2678e+03    209.625  0.000e+00
   57.31654   20.13270     65.211     4.1036   8.191700    290.931     0.3626     0.0483 3.7972e-02 2.2678e+03    209.667  0.000e+00
   57.31654   20.13270     65.211     4.1037   8.192109    290.680     0.3552     0.0434 3.7972e-02 2.2678e+03    209.708  0.000e+00
   57.31654   20.13270     65.260     4.1032   8.192704    290.665     0.3259     0.0336 3.7972e-02 2.2678e+03    209.750  0.000e+00
   57.31654   20.13270     65.308     4.1034   8.193336    290.911     0.3186     0.0312 3.7972e-02 2.2678e+03    209.792  0.000e+00
   57.31654   20.13270     65.260     4.1031   8.194154    290.621     0.3186     0.0263 3.7972e-02 2.2678e+03    209.833  0.000e+00
   57.31654   20.13270     65.308     4.1030   8.194972    290.842     0.3039     0.0238 3.7972e-02 2.2678e+03    209.875  0.000e+00
   57.31654   20.13270     65.364     4.1026   8.195753    290.808     0.3039     0.0312 3.7972e-02 2.2678e+03    209.917  0.000e+00
   57.31654   20.13270     65.315     4.1026   8.196757    290.787     0.3186     0.0532 3.7972e-02 2.2678e+03    209.958  0.000e+00
   57.31654   20.13270     65.364     4.1027   8.197463    290.757     0.3259     0.0605 3.7972e-02 2.2678e+03    210.000  0.000e+00
   57.31654   20.13270     65.364     4.1031   8.198616    290.709     0.3186     0.0556 3.7972e-02 2.2678e+03    210.042  0.000e+00
   57.31654   20.13270     65.364     4.1032   8.199360    290.651     0.3113     0.0532 3.7972e-02 2.2678e+03    210.083  0.000e+00
   57.31654   20.13270     65.364     4.1040   8.200215    290.575     0.3406     0.0654 3.7972e-02 2.2678e+03    210.125  0.000e+00
   57.31654   20.13270     65.412     4.1047   8.200959    290.768     0.3479     0.0654 3.7972e-02 2.2678e+03    210.167  0.000e+00
   57.31654   20.13270     65.364     4.1056   8.201777    290.454     0.3406     0.0629 3.7972e-02 2.2678e+03    210.208  0.000e+00
   57.31654   20.13270     65.461     4.1065   8.202744    290.378     0.3186     0.0532 3.7972e-02 2.2678e+03    210.250  0.000e+00
   57.31654   20.13270     65.412     4.1074   8.203450    290.286     0.3113     0.0434 3.7972e-02 2.2678e+03    210.292  0.000e+00
   57.31654   20.13270     65.468     4.1086   8.204566    290.183     0.3186     0.0409 3.7972e-02 2.2678e+03    210.333  0.000e+00
   57.31654   20.13270     65.461     4.1097   8.205459    290.103     0.3039     0.0385 3.7972e-02 2.2678e+03    210.375  0.000e+00
   57.31654   20.13270     65.509     4.1110   8.206277    290.014     0.2966     0.0336 3.7972e-02 2.2678e+03    210.417  0.000e+00
   57.31654   20.13270     65.509     4.1126   8.207356    289.911     0.3259     0.0409 3.7972e-02 2.2678e+03    210.458  0.000e+00
