tests/data/EMB295_003-01_CTD_0003.ros
* Sea-Bird SBE 9 Data File:
* FileName = D:\CTD_Data\EMB295_003-01_CTD_0003.hex
* Software Version Seasave V 7.26.7.121
* Temperature SN = 5261
* Conductivity SN = 4811
* Number of Bytes Per Scan = 48
* Number of Voltage Words = 5
* Number of Scans Averaged by the Deck Unit = 1
* NMEA Latitude = 57 18.99 N
* NMEA Longitude = 020 07.96 E
* NMEA UTC (Time) = Jul 04 2022  07:51:48
* NMEA baud rate = 9600
** Cruise = EMB295
** Station = EMB295_3-1
** Platform = CTD
** Cast = 0003
** Operator = Jan Donath
** GPS_Time = 04.07.2022 07:51:16
** GPS_Lat = 57 18.992 N
** GPS_Lon = 20  7.964 E
** Echo_Depth =  248.0 m
** Air_Pressure = 1014.5 hPa
** WsStartID =    76
** Pos_Alias = Gotland
# nquan = 19
# nvalues = 196                                   
# units = specified
# name 0 = prDM: Pressure, Digiquartz [db]
# name 1 = t090C: Temperature [ITS-90, deg C]
# name 2 = t190C: Temperature, 2 [ITS-90, deg C]
# name 3 = c0mS/cm: Conductivity [mS/cm]
# name 4 = c1mS/cm: Conductivity, 2 [mS/cm]
# name 5 = sbox0Mm/Kg: Oxygen, SBE 43 [umol/kg]
# name 6 = sbox1Mm/Kg: Oxygen, SBE 43, 2 [umol/kg]
# name 7 = flECO-AFL: Fluorescence, WET Labs ECO-AFL/FL [mg/m^3]
# name 8 = wetCDOM: Fluorescence, WET Labs CDOM [mg/m^3]
# name 9 = turbWETntu0: Turbidity, WET Labs ECO [NTU]
# name 10 = par: PAR/Irradiance, Biospherical/Licor
# name 11 = spar: SPAR, Biospherical/Licor
# name 12 = sal00: Salinity, Practical [PSU]
# name 13 = sal11: Salinity, Practical, 2 [PSU]
# name 14 = dz/dtM: Descent Rate [m/s]
# name 15 = timeS: Time, Elapsed [seconds]
# name 16 = scan: Scan Count
# name 17 = nbf: Bottles Fired
# name 18 = flag:  0.000e+00
# interval = seconds: 0.0416667
# start_time = Jul 04 2022 07:51:48 [NMEA time, first data scan]
# bad_flag = -9.990e-29
*END*
[from data line 153]
    237.763     7.2198     7.2196  14.302153  14.302780      0.221      0.951     0.3919    52.8904     0.0629 3.9058e-02 2.2894e+03    12.8842    12.8849      0.076    767.875      18430          4  0.000e+00
    237.763     7.2200     7.2198  14.302153  14.302823      0.228      0.956     0.3772    52.8904     0.0605 3.8695e-02 2.2894e+03    12.8841    12.8848      0.070    767.917      18431          4  0.000e+00
    237.812     7.2198     7.2198  14.302153  14.302737      0.210      0.960     0.3699    52.8904     0.0556 3.9058e-02 2.2894e+03    12.8842    12.8847      0.065    767.958      18432          4  0.000e+00
    237.812     7.2198     7.2196  14.302239  14.302866      0.009      0.965     0.3699    52.8904     0.0556 3.9058e-02 2.2894e+03    12.8843    12.8849      0.059    768.000      18433          4  0.000e+00
    237.840     7.2198     7.2196  14.302025  14.302780      0.199      0.970     0.3552    52.8904     0.0507 3.9058e-02 2.2894e+03    12.8840    12.8848      0.051    768.042      18434          4  0.000e+00
    237.868     7.2194     7.2196  14.301982  14.302823      0.206      0.726     0.3772    52.7683     0.0458 3.9058e-02 2.2894e+03    12.8841    12.8849      0.051    768.083      18435          4  0.000e+00
    237.916     7.2197     7.2198  14.302239  14.302651      0.213      0.952     0.4065    53.6230     0.0434 3.8695e-02 2.2894e+03    12.8843    12.8847      0.053    768.125      18436          4  0.000e+00
    237.916     7.2198     7.2195  14.302282  14.302694      0.220      0.958     0.4138    54.2335     0.0409 3.9058e-02 2.2894e+03    12.8843    12.8848      0.052    768.167      18437          4  0.000e+00
    237.965     7.2200     7.2196  14.302153  14.302608      0.227      0.964     0.4065    54.3556     0.0385 3.9058e-02 2.2894e+03    12.8841    12.8847      0.053    768.208      18438          4  0.000e+00
    237.868     7.2194     7.2196  14.302153  14.302522      0.234      0.970     0.3992    54.3556     0.0532 3.8695e-02 2.2894e+03    12.8843    12.8846      0.051    768.250      18439          4  0.000e+00
    238.021     7.2200     7.2196  14.302282  14.302651      0.241      0.727     0.4065    54.2335     0.0654 3.8695e-02 2.2894e+03    12.8842    12.8847      0.054    768.292      18440          4  0.000e+00
    237.965     7.2198     7.2196  14.302153  14.302866      0.248      0.707     0.4138    54.2335     0.0678 3.8695e-02 2.2894e+03    12.8841    12.8849      0.056    768.333      18441          4  0.000e+00
    237.868     7.2201     7.2196  14.302110  14.302780      0.230      0.687     0.3992    54.2335     0.0605 3.9058e-02 2.2894e+03    12.8840    12.8848      0.052    768.375      18442          4  0.000e+00
    237.965     7.2195     7.2195  14.302282  14.302565      0.236      0.917     0.3992    54.2335     0.0580 3.9058e-02 2.2894e+03    12.8844    12.8847      0.054    768.417      18443          4  0.000e+00
    237.868     7.2198     7.2196  14.302196  14.302651      0.242      0.926     0.4065    54.2335     0.0605 3.8695e-02 2.2894e+03    12.8842    12.8847      0.050    768.458      18444          4  0.000e+00
    237.868     7.2198     7.2196  14.302110  14.302608      0.041      0.935     0.4065    54.2335     0.0654 3.8695e-02 2.2894e+03    12.8841    12.8847      0.045    768.500      18445          4  0.000e+00
    237.868     7.2197     7.2198  14.302239  14.302823      0.024      0.944     0.3992    54.2335     0.0605 3.8695e-02 2.2894e+03    12.8843    12.8848      0.043    768.542      18446          4  0.000e+00
    237.813     7.2198     7.2195  14.302324  14.302780      0.215      0.954     0.3919    54.2335     0.0629 3.9058e-02 2.2894e+03    12.8843    12.8849      0.035    768.583      18447          4  0.000e+00
    237.792     7.2198     7.2196  14.302324  14.302694      0.223      0.963     0.3919    54.3556     0.0654 3.9058e-02 2.2894e+03    12.8843    12.8848      0.028    768.625      18448          4  0.000e+00
    237.764     7.2200     7.2198  14.302153  14.302823      0.206      0.972     0.3992    53.8672     0.0678 3.9058e-02 2.2894e+03    12.8841    12.8849      0.020    768.667      18449          4  0.000e+00
    237.813     7.2197     7.2196  14.302239  14.302909      0.213      0.981     0.3845    53.5009     0.0702 3.8695e-02 2.2894e+03    12.8843    12.8850      0.012    768.708      18450          4  0.000e+00
    237.813     7.2198     7.2198  14.302196  14.302651      0.220      0.962     0.3845    53.3788     0.0702 3.8695e-02 2.2894e+03    12.8842    12.8847      0.010    768.750      18451          4  0.000e+00
    237.813     7.2198     7.2198  14.302153  14.302780      0.227      0.970     0.3919    53.3788     0.0702 3.9058e-02 2.2894e+03    12.8842    12.8848      0.004    768.792      18452          4  0.000e+00
    237.813     7.2200     7.2195  14.302367  14.302866      0.234      0.978     0.3919    53.5009     0.0702 3.9058e-02 2.2894e+03    12.8843    12.8850     -0.001    768.833      18453          4  0.000e+00
    237.813     7.2194     7.2196  14.302324  14.302651      0.241      0.985     0.3919    53.3788     0.0727 3.9058e-02 2.2894e+03    12.8845    12.8847     -0.003    768.875      18454          4  0.000e+00
    237.813     7.2198     7.2198  14.302196  14.302952      0.016      0.993     0.3919    53.5009     0.0629 3.8695e-02 2.2894e+03    12.8842    12.8850     -0.009    768.917      18455          4  0.000e+00
    237.917     7.2201     7.2196  14.302282  14.302780     -0.001      1.001     0.4065    53.3788     0.0507 3.8695e-02 2.2894e+03    12.8842    12.8848     -0.005    768.958      18456          4  0.000e+00
    237.917     7.2200     7.2195  14.302025  14.302823      0.190      1.009     0.4138    53.3788     0.0507 3.9058e-02 2.2894e+03    12.8840    12.8849     -0.004    769.000      18457          4  0.000e+00
    237.868     7.2193     7.2196  14.302324  14.302651      0.198      0.769     0.4065    53.5009     0.0458 3.9058e-02 2.2894e+03    12.8845    12.8847     -0.009    769.042      18458          4  0.000e+00
    237.917     7.2200     7.2196  14.302239  14.302608     -0.001      0.999     0.3845    53.5009     0.0434 3.9058e-02 2.2894e+03    12.8842    12.8847     -0.006    769.083      18459          4  0.000e+00
    237.917     7.2200     7.2196  14.302153  14.302651     -0.016      1.008     0.3699    53.3788     0.0507 3.8695e-02 2.2894e+03    12.8841    12.8847     -0.005    769.125      18460          4  0.000e+00
    237.917     7.2200     7.2196  14.302110  14.302694     -0.030      1.017     0.3699    53.3788     0.0458 3.9058e-02 2.2894e+03    12.8841    12.8847     -0.002    769.167      18461          4  0.000e+00
    237.869     7.2197     7.2196  14.302239  14.302866     -0.044      1.027     0.3626    53.3788     0.0385 3.9058e-02 2.2894e+03    12.8843    12.8849     -0.005    769.208      18462          4  0.000e+00
    237.945     7.2198     7.2196  14.302068  14.302780     -0.056      1.007     0.3626    53.3788     0.0458 3.9058e-02 2.2894e+03    12.8841    12.8848     -0.000    769.250      18463          4  0.000e+00
    237.869     7.2198     7.2196  14.302239  14.303081      0.141      0.767     0.3992    53.5009     0.0629 3.8695e-02 2.2894e+03    12.8842    12.8851     -0.004    769.292      18464          4  0.000e+00
    237.869     7.2201     7.2198  14.302153  14.302952     -0.054      0.997     0.4065    53.5009     0.0654 3.8695e-02 2.2894e+03    12.8841    12.8850     -0.001    769.333      18465          4  0.000e+00
    237.813     7.2198     7.2196  14.302239  14.302780     -0.064      0.978     0.3992    53.5009     0.0605 3.9058e-02 2.2894e+03    12.8843    12.8849     -0.001    769.375      18466          4  0.000e+00
    237.869     7.2200     7.2196  14.302196  14.302737      0.135      0.957     0.3919    53.5009     0.0580 3.9058e-02 2.2894e+03    12.8842    12.8848      0.005    769.417      18467          4  0.000e+00
    237.813     7.2200     7.2196  14.302153  14.302694      0.150      0.964     0.3992    53.3788     0.0629 3.9058e-02 2.2894e+03    12.8841    12.8848      0.005    769.458      18468          4  0.000e+00
    237.813     7.2203     7.2195  14.302239  14.302694      0.165      0.723     0.4065    53.3788     0.0605 3.8695e-02 2.2894e+03    12.8841    12.8848      0.010    769.500      18469          4  0.000e+00
    237.813     7.2200     7.2198  14.302281  14.302608      0.180      0.703     0.3992    53.5009     0.0556 3.8695e-02 2.2894e+03    12.8842    12.8846      0.011    769.542      18470          4  0.000e+00
    237.813     7.2203     7.2196  14.302324  14.302823      0.170      0.933     0.3845    53.5009     0.0507 3.9058e-02 2.2894e+03    12.8842    12.8849      0.013    769.583      18471          4  0.000e+00
    237.869     7.2201     7.2196  14.302324  14.302737      0.184      0.942     0.3845    53.3788     0.0580 3.9058e-02 2.2894e+03    12.8842    12.8848      0.014    769.625      18472          4  0.000e+00
