tests/data/EMB295_003-01_CTD_0003.ros
* Sea-Bird SBE 9 Data File:
* FileName = D:\CTD_Data\EMB295_003-01_CTD_0003.hex
* Software Version Seasave V 7.26.7.121
* Temperature SN = 5261
* Conductivity SN = 4811
* Number of Bytes Per Scan = 48
* Number of Voltage Words = 5
* Number of Scans Averaged by the Deck Unit = 1
* NMEA Latitude = 57 18.99 N
* NMEA Longitude = 020 07.96 E
* NMEA UTC (Time) = Jul 04 2022  07:51:48
* NMEA baud rate = 9600
** Cruise = EMB295
** Station = EMB295_3-1
** Platform = CTD
** Cast = 0003
** Operator = Jan Donath
** GPS_Time = 04.07.2022 07:51:16
** GPS_Lat = 57 18.992 N
** GPS_Lon = 20  7.964 E
** Echo_Depth =  248.0 m
** Air_Pressure = 1014.5 hPa
** WsStartID =    76
** Pos_Alias = Gotland
# nquan = 19
# nvalues = 196                                   
# units = specified
# name 0 = prDM: Pressure, Digiquartz [db]
# name 1 = t090C: Temperature [ITS-90, deg C]
# name 2 = t190C: Temperature, 2 [ITS-90, deg C]
# name 3 = c0mS/cm: Conductivity [mS/cm]
# name 4 = c1mS/cm: Conductivity, 2 [mS/cm]
# name 5 = sbox0Mm/Kg: Oxygen, SBE 43 [umol/kg]
# name 6 = sbox1Mm/Kg: Oxygen, SBE 43, 2 [umol/kg]
# name 7 = flECO-AFL: Fluorescence, WET Labs ECO-AFL/FL [mg/m^3]
# name 8 = wetCDOM: Fluorescence, WET Labs CDOM [mg/m^3]
# name 9 = turbWETntu0: Turbidity, WET Labs ECO [NTU]
# name 10 = par: PAR/Irradiance, Biospherical/Licor
# name 11 = spar: SPAR, Biospherical/Licor
# name 12 = sal00: Salinity, Practical [PSU]
# name 13 = sal11: Salinity, Practical, 2 [PSU]
# name 14 = dz/dtM: Descent Rate [m/s]
# name 15 = timeS: Time, Elapsed [seconds]
# name 16 = scan: Scan Count
# name 17 = nbf: Bottles Fired
# name 18 = flag:  0.000e+00
# interval = seconds: 0.0416667
# start_time = Jul 04 2022 07:51:48 [NMEA time, first data scan]
# bad_flag = -9.990e-29
*END*
[from data line 77]
     18.591     9.9389     9.9396   9.238259   9.240740    308.576    313.988     2.6996    34.3311     0.2900 3.2381e-01 2.2698e+03     7.4679     7.4699      0.323     63.125       1516          2  0.000e+00
     18.723     9.9352     9.9354   9.237346   9.239784    308.452    313.806     2.6996    34.3311     0.2949 3.2381e-01 2.2698e+03     7.4679     7.4700      0.328     63.167       1517          2  0.000e+00
     18.674     9.9309     9.9318   9.236433   9.238943    308.144    313.621     2.6922    34.2090     0.2974 3.2264e-01 2.2698e+03     7.4680     7.4700      0.325     63.208       1518          2  0.000e+00
     18.723     9.9278     9.9276   9.235634   9.237949    308.192    313.450     2.6409    34.4532     0.2827 3.2264e-01 2.2698e+03     7.4679     7.4700      0.328     63.250       1519          2  0.000e+00
     18.674     9.9237     9.9238   9.234721   9.236878    307.890    313.256     2.6409    34.6974     0.2851 3.2148e-01 2.2698e+03     7.4680     7.4698      0.325     63.292       1520          2  0.000e+00
     18.744     9.9202     9.9200   9.233770   9.236151    307.773    313.071     2.6483    34.6974     0.2876 3.2148e-01 2.2698e+03     7.4679     7.4700      0.327     63.333       1521          2  0.000e+00
     18.674     9.9168     9.9166   9.233085   9.235272    307.471    313.115     2.6483    34.6974     0.2900 3.2033e-01 2.2678e+03     7.4680     7.4699      0.324     63.375       1522          2  0.000e+00
     18.723     9.9131     9.9131   9.232401   9.234546    307.534    312.729     2.5970    34.6974     0.2729 3.2033e-01 2.2698e+03     7.4681     7.4700      0.320     63.417       1523          2  0.000e+00
     18.675     9.9096     9.9094   9.231450   9.233551    307.240    312.555     2.6116    34.6974     0.2656 3.2033e-01 2.2678e+03     7.4680     7.4699      0.317     63.458       1524          2  0.000e+00
     18.827     9.9056     9.9053   9.230461   9.232825    306.929    312.397     2.6263    34.6974     0.2680 3.1918e-01 2.2678e+03     7.4680     7.4701      0.318     63.500       1525          2  0.000e+00
     18.841     9.9020     9.9016   9.229510   9.231946    306.970    312.235     2.6263    34.6974     0.2705 3.1918e-01 2.2678e+03     7.4679     7.4701      0.324     63.542       1526          2  0.000e+00
     18.827     9.8981     9.8977   9.228711   9.230990    306.656    312.058     2.5750    34.6974     0.2510 3.1918e-01 2.2678e+03     7.4680     7.4701      0.325     63.583       1527          2  0.000e+00
     18.771     9.8940     9.8938   9.227646   9.230073    306.528    311.883     2.6043    34.6974     0.2729 3.1803e-01 2.2678e+03     7.4679     7.4701      0.325     63.625       1528          2  0.000e+00
     18.771     9.8900     9.8902   9.226923   9.229346    306.392    311.712     2.6263    34.5753     0.2900 3.1688e-01 2.2678e+03     7.4681     7.4702      0.319     63.667       1529          2  0.000e+00
     18.827     9.8864     9.8868   9.225972   9.228467    306.075    311.547     2.6336    34.6974     0.2949 3.1688e-01 2.2678e+03     7.4680     7.4701      0.318     63.708       1530          2  0.000e+00
     18.841     9.8832     9.8833   9.225288   9.227779    305.939    311.385     2.5750    34.6974     0.2754 3.1574e-01 2.2678e+03     7.4681     7.4702      0.316     63.750       1531          2  0.000e+00
     18.827     9.8795     9.8800   9.224565   9.226900    305.797    311.203     2.5384    34.8195     0.2876 3.1574e-01 2.2678e+03     7.4682     7.4701      0.316     63.792       1532          2  0.000e+00
     18.924     9.8765     9.8769   9.223805   9.226174    305.666    311.050     2.5384    34.9416     0.2998 3.1460e-01 2.2678e+03     7.4682     7.4701      0.317     63.833       1533          2  0.000e+00
     18.924     9.8732     9.8735   9.222968   9.225294    305.545    310.647     2.5311    35.0637     0.2998 3.1460e-01 2.2678e+03     7.4681     7.4701      0.321     63.875       1534          2  0.000e+00
     18.875     9.8695     9.8704   9.222093   9.224568    305.415    310.683     2.4871    35.0637     0.2778 3.1460e-01 2.2678e+03     7.4681     7.4701      0.321     63.917       1535          2  0.000e+00
     18.896     9.8668     9.8672   9.221371   9.223918    305.293    310.517     2.5237    35.0637     0.2900 3.1346e-01 2.2678e+03     7.4680     7.4702      0.317     63.958       1536          2  0.000e+00
     72.305     4.9268     4.9243   9.408472   9.398488    176.221    191.596     0.3186    42.8781     0.1386 3.8333e-02 2.2717e+03     8.7908     8.7814      0.311    231.750       5563          3  0.000e+00
     72.305     4.9312     4.9289   9.414703   9.404171    175.320    190.920     0.3259    43.4886     0.1362 3.7972e-02 2.2717e+03     8.7959     8.7859      0.312    231.792       5564          3  0.000e+00
     72.250     4.9358     4.9337   9.421470   9.410048    174.639    190.235     0.3186    43.7328     0.1337 3.7972e-02 2.2717e+03     8.8015     8.7905      0.311    231.833       5565          3  0.000e+00
     72.250     4.9403     4.9383   9.428773   9.415926    173.735    189.514     0.3039    43.8549     0.1337 3.8333e-02 2.2717e+03     8.8076     8.7952      0.306    231.875       5566          3  0.000e+00
     72.658     4.9444     4.9426   9.435313   9.422919    173.066    188.797     0.3039    43.7328     0.1435 3.8333e-02 2.2717e+03     8.8130     8.8011      0.327    231.917       5567          3  0.000e+00
     71.793     4.9491     4.9470   9.441318   9.429682    172.151    188.082     0.3039    43.7328     0.1459 3.8333e-02 2.2717e+03     8.8180     8.8068      0.294    231.958       5568          3  0.000e+00
     72.506     4.9530     4.9512   9.446827   9.435986    171.270    187.368     0.2893    43.7328     0.1435 3.8333e-02 2.2717e+03     8.8224     8.8120      0.303    232.000       5569          3  0.000e+00
     72.450     4.9567     4.9548   9.452108   9.441753    170.354    186.908     0.2820    43.7328     0.1386 3.7972e-02 2.2717e+03     8.8267     8.8168      0.309    232.042       5570          3  0.000e+00
     72.305     4.9602     4.9586   9.457618   9.447597    169.445    186.207     0.2820    43.7328     0.1386 3.8333e-02 2.2717e+03     8.8313     8.8217      0.306    232.083       5571          3  0.000e+00
     72.402     4.9639     4.9624   9.463589   9.453288    168.742    185.512     0.2893    43.7328     0.1411 3.7972e-02 2.2717e+03     8.8364     8.8264      0.304    232.125       5572          3  0.000e+00
     72.450     4.9672     4.9660   9.469981   9.459018    167.853    184.819     0.2746    43.7328     0.1386 3.8333e-02 2.2717e+03     8.8419     8.8312      0.308    232.167       5573          3  0.000e+00
     72.402     4.9709     4.9695   9.476528   9.465711    166.916    183.824     0.2746    43.7328     0.1337 3.8333e-02 2.2717e+03     8.8475     8.8370      0.306    232.208       5574          3  0.000e+00
     72.402     4.9749     4.9732   9.483306   9.472406    165.989    183.338     0.3039    43.7328     0.1313 3.7972e-02 2.2717e+03     8.8533     8.8428      0.304    232.250       5575          3  0.000e+00
     72.506     4.9782     4.9770   9.490238   9.479217    165.304    182.655     0.3113    43.7328     0.1313 3.8333e-02 2.2717e+03     8.8593     8.8486      0.308    232.292       5576          3  0.000e+00
     72.444     4.9822     4.9811   9.496750   9.485990    164.406    181.941     0.3039    43.4886     0.1289 3.8333e-02 2.2737e+03     8.8648     8.8543      0.309    232.333       5577          3  0.000e+00
     72.506     4.9862     4.9847   9.503378   9.492534    163.497    181.239     0.2966    43.3665     0.1459 3.8333e-02 2.2737e+03     8.8704     8.8599      0.313    232.375       5578          3  0.000e+00
     72.450     4.9901     4.9884   9.509930   9.498886    162.604    180.274     0.3113    43.3665     0.1826 3.7972e-02 2.2737e+03     8.8760     8.8653      0.311    232.417       5579          3  0.000e+00
     72.506     4.9946     4.9927   9.517136   9.505432    161.702    179.791     0.3186    43.3665     0.1948 3.8333e-02 2.2737e+03     8.8820     8.8708      0.312    232.458       5580          3  0.000e+00
     72.506     4.9982     4.9967   9.524265   9.512326    160.793    179.082     0.3113    43.3665     0.1899 3.8333e-02 2.2737e+03     8.8882     8.8766      0.313    232.500       5581          3  0.000e+00
     72.506     5.0025     5.0008   9.531128   9.519683    160.129    178.114     0.2966    43.3665     0.1777 3.8333e-02 2.2717e+03     8.8940     8.8829      0.311    232.542       5582          3  0.000e+00
     72.554     5.0070     5.0049   9.538299   9.526579    159.263    177.364     0.3039    43.3665     0.1655 3.8333e-02 2.2717e+03     8.9000     8.8887      0.312    232.583       5583          3  0.000e+00
     72.451     5.0115     5.0092   9.546162   9.533438    158.138    176.625     0.3113    43.3665     0.1606 3.8333e-02 2.2717e+03     8.9067     8.8945      0.306    232.625       5584          3  0.000e+00
     72.554     5.0158     5.0140   9.554640   9.540838    157.461    175.902     0.3039    43.3665     0.1606 3.8333e-02 2.2717e+03     8.9140     8.9007      0.305    232.667       5585          3  0.000e+00
     72.603     5.0204     5.0184   9.563465   9.549126    156.612    175.193     0.2893    43.3665     0.1582 3.8333e-02 2.2717e+03     8.9217     8.9078      0.310    232.708       5586          3  0.000e+00
     72.554     5.0251     5.0232   9.572177   9.558225    155.511    174.198     0.2893    43.3665     0.1630 3.8333e-02 2.2717e+03     8.9292     8.9157      0.306    232.750       5587          3  0.000e+00
     72.603     5.0298     5.0281   9.580085   9.567095    154.610    173.460     0.2893    43.3665     0.1655 3.8333e-02 2.2737e+03     8.9359     8.9233      0.309    232.792       5588          3  0.000e+00
     72.554     5.0344     5.0332   9.587649   9.575581    153.961    172.739     0.2893    43.3665     0.1630 3.8333e-02 2.2737e+03     8.9422     8.9304      0.308    232.833       5589          3  0.000e+00
     72.658     5.0390     5.0378   9.594984   9.583800    152.901    172.012     0.2673    43.4886     0.1582 3.8333e-02 2.2737e+03     8.9484     8.9374      0.311    232.875       5590          3  0.000e+00
     72.603     5.0440     5.0431   9.602704   9.591440    152.262    171.569     0.2673    43.4886     0.1606 3.8333e-02 2.2737e+03     8.9548     8.9437      0.310    232.917       5591          3  0.000e+00
     72.603     5.0490     5.0478   9.611156   9.599160    151.404    170.614     0.2746    43.4886     0.1630 3.8333e-02 2.2737e+03     8.9619     8.9502      0.307    232.958       5592          3  0.000e+00
     72.707     5.0538     5.0531   9.620225   9.607769    150.583    169.917     0.2673    43.4886     0.1606 3.8333e-02 2.2737e+03     8.9697     8.9574      0.312    233.000       5593          3  0.000e+00
     72.700     5.0590     5.0582   9.629526   9.616651    149.768    169.209     0.2600    43.4886     0.1533 3.8333e-02 2.2737e+03     8.9777     8.9650      0.311    233.042       5594          3  0.000e+00
     72.658     5.0639     5.0633   9.638561   9.625959    148.962    168.256     0.2746    43.6107     0.1508 3.8333e-02 2.2737e+03     8.9854     8.9729      0.310    233.083       5595          3  0.000e+00
     72.707     5.0688     5.0684   9.646675   9.634999    148.141    167.568     0.2820    43.4886     0.1508 3.8333e-02 2.2737e+03     8.9922     8.9806      0.310    233.125       5596          3  0.000e+00
     72.658     5.0738     5.0730   9.654444   9.643655    147.551    166.875     0.2820    43.4886     0.1459 3.8333e-02 2.2737e+03     8.9987     8.9881      0.305    233.167       5597          3  0.000e+00
     72.755     5.0783     5.0781   9.661753   9.651578    146.559    166.180     0.2600    43.4886     0.1435 3.8333e-02 2.2737e+03     9.0048     8.9947      0.308    233.208       5598          3  0.000e+00
     72.755     5.0830     5.0830   9.669602   9.659387    145.772    165.244     0.2746    43.4886     0.1484 3.8333e-02 2.2737e+03     9.0114     9.0012      0.312    233.250       5599          3  0.000e+00
     72.755     5.0876     5.0875   9.677299   9.666966    145.000    164.543     0.2746    43.4886     0.1508 3.8695e-02 2.2737e+03     9.0179     9.0076      0.312    233.292       5600          3  0.000e+00
     72.755     5.0925     5.0922   9.684882   9.674739    144.464    163.872     0.2746    43.4886     0.1508 3.8333e-02 2.2737e+03     9.0242     9.0141      0.313    233.333       5601          3  0.000e+00
     72.811     5.0977     5.0970   9.692389   9.682320    143.749    163.200     0.2600    43.4886     0.1435 3.8333e-02 2.2737e+03     9.0303     9.0204      0.316    233.375       5602          3  0.000e+00
     72.811     5.1020     5.1018   9.699782   9.690019    142.801    162.292     0.2746    43.3665     0.1459 3.8333e-02 2.2737e+03     9.0366     9.0268      0.318    233.417       5603          3  0.000e+00
     72.859     5.1068     5.1067   9.707331   9.697758    142.036    161.622     0.2820    43.3665     0.1459 3.8333e-02 2.2737e+03     9.0428     9.0333      0.324    233.458       5604          3  0.000e+00
     72.811     5.1118     5.1117   9.714881   9.705189    141.509    160.718     0.2820    43.3665     0.1459 3.8333e-02 2.2737e+03     9.0491     9.0394      0.322    233.500       5605          3  0.000e+00
     72.908     5.1168     5.1166   9.722355   9.712970    140.806    160.322     0.2673    43.3665     0.1459 3.8333e-02 2.2737e+03     9.0552     9.0458      0.324    233.542       5606          3  0.000e+00
     72.859     5.1217     5.1216   9.729870   9.720443    140.120    159.425     0.3039    43.3665     0.1679 3.7972e-02 2.2737e+03     9.0614     9.0520      0.325    233.583       5607          3  0.000e+00
     72.859     5.1265     5.1262   9.737386   9.727801    139.233    158.769     0.3259    43.3665     0.1753 3.8333e-02 2.2737e+03     9.0677     9.0581      0.324    233.625       5608          3  0.000e+00
     72.908     5.1315     5.1311   9.744055   9.734889    138.506    158.151     0.3186    43.3665     0.1753 3.8333e-02 2.2737e+03     9.0730     9.0639      0.327    233.667       5609          3  0.000e+00
     72.901     5.1363     5.1360   9.750340   9.741320    138.023    157.537     0.2966    43.3665     0.1679 3.8695e-02 2.2737e+03     9.0780     9.0690      0.325    233.708       5610          3  0.000e+00
     72.908     5.1412     5.1405   9.756278   9.747713    137.337    156.665     0.3039    43.3665     0.1655 3.8695e-02 2.2737e+03     9.0826     9.0742      0.325    233.750       5611          3  0.000e+00
    237.812     7.2197     7.2196  14.302196  14.302694      0.232      0.949     0.3919    52.8904     0.0629 3.9058e-02 2.2874e+03    12.8843    12.8848      0.119    767.625      18424          4  0.000e+00
    237.916     7.2197     7.2195  14.302110  14.302737      0.237      0.955     0.3919    52.7683     0.0629 3.9058e-02 2.2874e+03    12.8842    12.8849      0.118    767.667      18425          4  0.000e+00
    237.812     7.2200     7.2195  14.302110  14.302737      0.035      0.960     0.3772    52.8904     0.0556 3.8695e-02 2.2874e+03    12.8841    12.8849      0.110    767.708      18426          4  0.000e+00
    237.610     7.2194     7.2198  14.302410  14.302693      0.017      0.938     0.3919    52.8904     0.0605 3.8695e-02 2.2894e+03    12.8846    12.8848      0.095    767.750      18427          4  0.000e+00
    237.916     7.2200     7.2196  14.302239  14.302694      0.207      0.942     0.4065    52.8904     0.0678 3.9058e-02 2.2894e+03    12.8842    12.8847      0.096    767.792      18428          4  0.000e+00
