tests/data/EMB295_003-01_CTD_0003.ros
* Sea-Bird SBE 9 Data File:
* FileName = D:\CTD_Data\EMB295_003-01_CTD_0003.hex
* Software Version Seasave V 7.26.7.121
* Temperature SN = 5261
* Conductivity SN = 4811
* Number of Bytes Per Scan = 48
* Number of Voltage Words = 5
* Number of Scans Averaged by the Deck Unit = 1
* NMEA Latitude = 57 18.99 N
* NMEA Longitude = 020 07.96 E
* NMEA UTC (Time) = Jul 04 2022  07:51:48
* NMEA baud rate = 9600
** Cruise = EMB295
** Station = EMB295_3-1
** Platform = CTD
** Cast = 0003
** Operator = Jan Donath
** GPS_Time = 04.07.2022 07:51:16
** GPS_Lat = 57 18.992 N
** GPS_Lon = 20  7.964 E
** Echo_Depth =  248.0 m
** Air_Pressure = 1014.5 hPa
** WsStartID =    76
** Pos_Alias = Gotland
# nquan = 19
# nvalues = 196                                   
# units = specified
# name 0 = prDM: Pressure, Digiquartz [db]
# name 1 = t090C: Temperature [ITS-90, deg C]
# name 2 = t190C: Temperature, 2 [ITS-90, deg C]
# name 3 = c0mS/cm: Conductivity [mS/cm]
# name 4 = c1mS/cm: Conductivity, 2 [mS/cm]
# name 5 = sbox0Mm/Kg: Oxygen, SBE 43 [umol/kg]
# name 6 = sbox1Mm/Kg: Oxygen, SBE 43, 2 [umol/kg]
# name 7 = flECO-AFL: Fluorescence, WET Labs ECO-AFL/FL [mg/m^3]
# name 8 = wetCDOM: Fluorescence, WET Labs CDOM [mg/m^3]
# name 9 = turbWETntu0: Turbidity, WET Labs ECO [NTU]
# name 10 = par: PAR/Irradiance, Biospherical/Licor
# name 11 = spar: SPAR, Biospherical/Licor
# name 12 = sal00: Salinity, Practical [PSU]
# name 13 = sal11: Salinity, Practical, 2 [PSU]
# name 14 = dz/dtM: Descent Rate [m/s]
# name 15 = timeS: Time, Elapsed [seconds]
# name 16 = scan: Scan Count
# name 17 = nbf: Bottles Fired
# name 18 = flag:  0.000e+00
# interval = seconds: 0.0416667
# start_time = Jul 04 2022 07:51:48 [NMEA time, first data scan]
# bad_flag = -9.990e-29
*END*
      3.212    19.9183    19.9253  11.390558  11.392674    311.753    311.627     1.6519    27.6156     1.8700 1.2374e+01 2.2698e+03     7.2616     7.2618      0.316     14.750        355          1  0.000e+00
      3.302    19.9188    19.9259  11.390679  11.393118    311.619    311.635     1.6519    27.6156     1.8920 1.2339e+01 2.2698e+03     7.2615     7.2620      0.321     14.792        356          1  0.000e+00
      3.164    19.9204    19.9260  11.391361  11.393077    311.602    311.639     1.5860    27.6156     1.7259 1.2269e+01 2.2698e+03     7.2618     7.2620      0.314     14.833        357          1  0.000e+00
      3.364    19.9223    19.9259  11.391843  11.392755    311.596    311.647     1.5713    27.6156     0.9372 1.2200e+01 2.2698e+03     7.2618     7.2618      0.319     14.875        358          1  0.000e+00
      3.405    19.9240    19.9256  11.392204  11.392674    311.596    311.651     1.5713    27.7377     0.5709 1.2165e+01 2.2698e+03     7.2617     7.2618      0.326     14.917        359          1  0.000e+00
      3.260    19.9248    19.9244  11.392084  11.392311    311.435    311.654     1.5713    28.4703     0.5367 1.2063e+01 2.2698e+03     7.2615     7.2617      0.326     14.958        360          1  0.000e+00
      3.406    19.9253    19.9225  11.392164  11.392230    311.578    311.673     1.5127    28.7145     0.5416 1.1994e+01 2.2698e+03     7.2615     7.2620      0.329     15.000        361          1  0.000e+00
      3.316    19.9256    19.9221  11.392285  11.391746    311.582    311.676     1.5347    28.8366     0.5220 1.1927e+01 2.2698e+03     7.2615     7.2617      0.331     15.042        362          1  0.000e+00
      3.406    19.9261    19.9219  11.392325  11.391746    311.434    311.684     1.5640    28.8366     0.5147 1.1859e+01 2.2698e+03     7.2614     7.2617      0.334     15.083        363          1  0.000e+00
      3.364    19.9265    19.9205  11.392445  11.391545    311.422    311.696     1.5713    28.7145     0.5098 1.1726e+01 2.2698e+03     7.2614     7.2618      0.336     15.125        364          1  0.000e+00
      3.461    19.9263    19.9212  11.392244  11.391706    311.419    311.702     1.5054    28.7145     0.4976 1.1659e+01 2.2698e+03     7.2613     7.2618      0.336     15.167        365          1  0.000e+00
      3.357    19.9263    19.9221  11.392285  11.391908    311.409    311.699     1.5567    28.7145     0.6417 1.1594e+01 2.2698e+03     7.2614     7.2618      0.335     15.208        366          1  0.000e+00
      3.461    19.9260    19.9214  11.392325  11.391827    311.409    311.715     1.5933    28.7145     0.7271 1.1495e+01 2.2698e+03     7.2614     7.2619      0.338     15.250        367          1  0.000e+00
      3.406    19.9265    19.9228  11.392204  11.391908    311.409    311.713     1.6007    28.7145     0.7394 1.1430e+01 2.2698e+03     7.2613     7.2617      0.338     15.292        368          1  0.000e+00
      3.461    19.9260    19.9247  11.392044  11.392271    311.421    311.891     1.5420    28.7145     0.7345 1.1334e+01 2.2698e+03     7.2612     7.2616      0.344     15.333        369          1  0.000e+00
      3.454    19.9256    19.9251  11.391923  11.392593    311.420    311.731     1.6080    28.7145     1.9042 1.1238e+01 2.2698e+03     7.2612     7.2618      0.342     15.375        370          1  0.000e+00
      3.516    19.9244    19.9247  11.391683  11.392190    311.428    311.925     1.6812    28.7145     2.6783 1.1143e+01 2.2698e+03     7.2613     7.2616      0.345     15.417        371          1  0.000e+00
      3.509    19.9234    19.9247  11.391241  11.391060    311.433    311.759     1.7032    28.7145     2.8077 1.1080e+01 2.2698e+03     7.2611     7.2608      0.342     15.458        372          1  0.000e+00
      3.461    19.9214    19.9247  11.390719  11.390617    311.302    311.759     1.6373    28.7145     2.7369 1.0986e+01 2.2698e+03     7.2611     7.2605      0.341     15.500        373          1  0.000e+00
      3.565    19.9199    19.9244  11.390438  11.391585    311.317    311.953     1.5713    28.7145     1.5037 1.0955e+01 2.2698e+03     7.2612     7.2612      0.342     15.542        374          1  0.000e+00
      3.509    19.9197    19.9242  11.390639  11.392190    311.460    311.786     1.5494    28.7145     0.6221 1.0893e+01 2.2698e+03     7.2614     7.2617      0.344     15.583        375          1  0.000e+00
      3.516    19.9192    19.9242  11.390599  11.392553    311.467    311.965     1.5494    28.7145     0.4756 1.0862e+01 2.2698e+03     7.2614     7.2619      0.344     15.625        376          1  0.000e+00
      3.558    19.9190    19.9240  11.390559  11.392432    311.184    311.981     1.4981    28.7145     0.5122 1.0831e+01 2.2698e+03     7.2614     7.2618      0.343     15.667        377          1  0.000e+00
      3.613    19.9192    19.9238  11.390679  11.392271    311.333    311.997     1.5127    28.7145     0.5611 1.0831e+01 2.2698e+03     7.2615     7.2618      0.343     15.708        378          1  0.000e+00
      3.558    19.9196    19.9238  11.390960  11.392352    311.477    312.007     1.5494    28.7145     0.5831 1.0800e+01 2.2698e+03     7.2616     7.2618      0.341     15.750        379          1  0.000e+00
      3.613    19.9195    19.9237  11.391000  11.392271    311.489    312.023     1.5640    28.7145     0.5855 1.0770e+01 2.2698e+03     7.2616     7.2618      0.340     15.792        380          1  0.000e+00
      3.613    19.9198    19.9230  11.391000  11.392231    311.487    312.040     1.5127    28.7145     0.5684 1.0770e+01 2.2698e+03     7.2616     7.2619      0.341     15.833        381          1  0.000e+00
      3.606    19.9204    19.9207  11.390880  11.391666    311.495    312.067     1.7252    28.7145     1.4036 1.0709e+01 2.2698e+03     7.2614     7.2619      0.337     15.875        382          1  0.000e+00
      3.613    19.9207    19.9202  11.391081  11.391383    311.494    312.261     1.9743    28.7145     2.2094 1.0679e+01 2.2698e+03     7.2615     7.2618      0.334     15.917        383          1  0.000e+00
      3.655    19.9213    19.9200  11.390920  11.391343    311.494    312.287     2.0402    28.7145     2.3877 1.0648e+01 2.2698e+03     7.2613     7.2618      0.336     15.958        384          1  0.000e+00
      3.669    19.9207    19.9211  11.391081  11.391666    311.500    312.304     1.9889    28.7145     2.3364 1.0588e+01 2.2698e+03     7.2615     7.2618      0.333     16.000        385          1  0.000e+00
      3.655    19.9206    19.9230  11.390920  11.392311    311.503    312.135     1.7985    28.7145     1.4915 1.0528e+01 2.2698e+03     7.2614     7.2619      0.329     16.042        386          1  0.000e+00
      3.669    19.9200    19.9242  11.390840  11.392392    311.509    312.318     1.6226    28.8366     0.6124 1.0469e+01 2.2698e+03     7.2614     7.2618      0.326     16.083        387          1  0.000e+00
      3.710    19.9211    19.9246  11.391201  11.392473    311.508    312.339     1.5860    28.8366     0.4170 1.0469e+01 2.2698e+03     7.2615     7.2618      0.324     16.125        388          1  0.000e+00
      3.669    19.9232    19.9251  11.392044  11.392392    311.648    312.356     1.5494    28.8366     0.4414 1.0439e+01 2.2698e+03     7.2617     7.2616      0.324     16.167        389          1  0.000e+00
      3.717    19.9258    19.9253  11.392325  11.392715    311.639    312.377     1.5420    28.8366     0.5122 1.0439e+01 2.2698e+03     7.2615     7.2618      0.323     16.208        390          1  0.000e+00
      3.710    19.9265    19.9251  11.392445  11.392715    311.647    312.399     1.5640    28.8366     0.5782 1.0410e+01 2.2698e+03     7.2614     7.2618      0.319     16.250        391          1  0.000e+00
      3.765    19.9277    19.9245  11.392486  11.392473    311.505    312.413     1.5787    28.8366     0.5928 1.0380e+01 2.2698e+03     7.2612     7.2618      0.320     16.292        392          1  0.000e+00
      3.759    19.9284    19.9240  11.392566  11.392473    311.505    312.423     1.5494    28.8366     0.5806 1.0351e+01 2.2698e+03     7.2612     7.2619      0.313     16.333        393          1  0.000e+00
      3.766    19.9288    19.9245  11.392726  11.392634    311.497    312.427     1.5494    28.8366     0.5855 1.0321e+01 2.2698e+03     7.2612     7.2619      0.311     16.375        394          1  0.000e+00
      3.759    19.9284    19.9244  11.392767  11.392432    311.503    312.434     1.6080    28.8366     0.6148 1.0263e+01 2.2698e+03     7.2613     7.2618      0.310     16.417        395          1  0.000e+00
      3.766    19.9288    19.9230  11.392887  11.392271    311.505    312.637     1.6373    28.8366     0.6270 1.0234e+01 2.2698e+03     7.2613     7.2619      0.308     16.458        396          1  0.000e+00
      3.759    19.9282    19.9230  11.393048  11.392231    311.513    312.474     1.6080    28.8366     0.6173 1.0176e+01 2.2698e+03     7.2615     7.2619      0.307     16.500        397          1  0.000e+00
      3.821    19.9286    19.9235  11.393048  11.392231    311.368    312.654     1.5713    28.8366     0.6099 1.0147e+01 2.2698e+03     7.2615     7.2618      0.305     16.542        398          1  0.000e+00
      3.821    19.9293    19.9238  11.393369  11.392554    311.360    312.487     1.5713    28.8366     0.6221 1.0090e+01 2.2698e+03     7.2616     7.2619      0.305     16.583        399          1  0.000e+00
      3.862    19.9303    19.9230  11.393610  11.392110    311.503    312.495     1.5787    28.9587     0.6295 1.0033e+01 2.2698e+03     7.2616     7.2618      0.303     16.625        400          1  0.000e+00
      3.869    19.9314    19.9186  11.393891  11.391182    311.505    312.700     1.5567    29.0808     0.6197 9.9478e+00 2.2698e+03     7.2616     7.2619      0.302     16.667        401          1  0.000e+00
      3.862    19.9305    19.9171  11.393248  11.390577    311.668    312.542     1.6812    28.9587     1.2986 9.8915e+00 2.2698e+03     7.2613     7.2617      0.302     16.708        402          1  0.000e+00
      3.821    19.9284    19.9170  11.392606  11.390577    311.546    312.549     2.0622    28.9587     2.8419 9.8355e+00 2.2698e+03     7.2612     7.2617      0.302     16.750        403          1  0.000e+00
     18.287    10.0142    10.0136   9.258468   9.260132    313.255    319.825     3.0365    34.2090     0.2925 3.5022e-01 2.2698e+03     7.4700     7.4716      0.332     61.958       1488          2  0.000e+00
     18.266    10.0117    10.0117   9.257897   9.259558    312.951    319.618     3.0439    34.2090     0.2949 3.4899e-01 2.2698e+03     7.4700     7.4715      0.329     62.000       1489          2  0.000e+00
     18.169    10.0101    10.0094   9.257249   9.259175    312.830    319.209     3.0072    34.2090     0.2851 3.4899e-01 2.2698e+03     7.4698     7.4717      0.324     62.042       1490          2  0.000e+00
     18.370    10.0076    10.0074   9.256793   9.258602    312.723    319.233     2.9926    34.2090     0.2803 3.4652e-01 2.2717e+03     7.4699     7.4715      0.326     62.083       1491          2  0.000e+00
     18.321    10.0060    10.0054   9.255993   9.258028    312.620    319.504     2.9926    34.2090     0.2851 3.4530e-01 2.2717e+03     7.4696     7.4714      0.328     62.125       1492          2  0.000e+00
     18.439    10.0039    10.0035   9.255460   9.257416    312.332    320.059     3.0072    34.2090     0.2876 3.4408e-01 2.2717e+03     7.4695     7.4713      0.331     62.167       1493          2  0.000e+00
     18.370    10.0017    10.0015   9.254966   9.256918    312.227    319.756     2.9779    34.2090     0.2754 3.4408e-01 2.2717e+03     7.4696     7.4713      0.334     62.208       1494          2  0.000e+00
     18.370     9.9994     9.9992   9.254433   9.256345    311.931    319.438     2.9486    34.2090     0.2680 3.4286e-01 2.2717e+03     7.4696     7.4713      0.333     62.250       1495          2  0.000e+00
     18.418     9.9972     9.9969   9.253405   9.255580    311.828    318.876     2.9413    34.2090     0.2803 3.4043e-01 2.2717e+03     7.4691     7.4711      0.333     62.292       1496          2  0.000e+00
     18.335     9.9948     9.9946   9.252910   9.254891    311.717    318.500     2.9486    34.2090     0.2851 3.4043e-01 2.2717e+03     7.4692     7.4710      0.332     62.333       1497          2  0.000e+00
     18.418     9.9930     9.9925   9.252377   9.254394    311.434    318.112     2.9267    34.2090     0.2754 3.3922e-01 2.2717e+03     7.4691     7.4709      0.335     62.375       1498          2  0.000e+00
     18.370     9.9904     9.9905   9.251882   9.253820    311.534    317.683     2.8974    34.2090     0.2803 3.3801e-01 2.2717e+03     7.4692     7.4709      0.336     62.417       1499          2  0.000e+00
     18.522     9.9885     9.9884   9.251350   9.253437    311.228    317.499     2.8974    34.2090     0.3022 3.3681e-01 2.2717e+03     7.4691     7.4710      0.338     62.458       1500          2  0.000e+00
     18.474     9.9861     9.9862   9.250779   9.252902    311.127    317.317     2.9047    34.2090     0.3047 3.3561e-01 2.2717e+03     7.4691     7.4709      0.338     62.500       1501          2  0.000e+00
     18.439     9.9839     9.9836   9.250170   9.252022    311.020    317.124     2.8900    34.2090     0.2998 3.3442e-01 2.2717e+03     7.4690     7.4707      0.334     62.542       1502          2  0.000e+00
     18.474     9.9818     9.9809   9.249447   9.251295    310.739    316.940     2.8534    34.2090     0.2900 3.3322e-01 2.2717e+03     7.4688     7.4706      0.335     62.583       1503          2  0.000e+00
     18.522     9.9792     9.9788   9.248838   9.250722    310.438    316.509     2.8534    34.2090     0.2900 3.3322e-01 2.2717e+03     7.4688     7.4706      0.337     62.625       1504          2  0.000e+00
     18.474     9.9767     9.9764   9.248039   9.250110    310.302    316.291     2.8534    34.0869     0.2876 3.3204e-01 2.2698e+03     7.4687     7.4705      0.335     62.667       1505          2  0.000e+00
     18.474     9.9739     9.9739   9.247392   9.249421    310.185    316.082     2.8461    34.2090     0.2851 3.3085e-01 2.2698e+03     7.4687     7.4704      0.331     62.708       1506          2  0.000e+00
     18.543     9.9714     9.9709   9.246669   9.248656    310.084    315.658     2.8021    34.3311     0.2729 3.3085e-01 2.2698e+03     7.4685     7.4704      0.332     62.750       1507          2  0.000e+00
     18.522     9.9682     9.9681   9.245717   9.247968    309.788    315.651     2.7948    34.3311     0.2778 3.2967e-01 2.2698e+03     7.4684     7.4704      0.330     62.792       1508          2  0.000e+00
     18.571     9.9647     9.9646   9.244804   9.247088    309.683    315.474     2.7948    34.3311     0.2851 3.2849e-01 2.2698e+03     7.4683     7.4703      0.333     62.833       1509          2  0.000e+00
     18.571     9.9611     9.9611   9.243891   9.246361    309.573    315.072     2.7875    34.3311     0.2851 3.2731e-01 2.2698e+03     7.4683     7.4704      0.332     62.875       1510          2  0.000e+00
     18.591     9.9577     9.9576   9.242825   9.245291    309.478    315.094     2.7508    34.3311     0.2778 3.2731e-01 2.2698e+03     7.4680     7.4702      0.332     62.917       1511          2  0.000e+00
     18.571     9.9537     9.9542   9.241950   9.244181    309.186    314.912     2.7508    34.3311     0.2925 3.2614e-01 2.2698e+03     7.4681     7.4699      0.333     62.958       1512          2  0.000e+00
     18.571     9.9501     9.9504   9.240961   9.243455    309.080    314.740     2.7508    34.3311     0.2998 3.2614e-01 2.2698e+03     7.4680     7.4701      0.329     63.000       1513          2  0.000e+00
     18.619     9.9465     9.9470   9.240124   9.242575    308.970    314.343     2.7435    34.3311     0.2998 3.2497e-01 2.2698e+03     7.4680     7.4700      0.328     63.042       1514          2  0.000e+00
